-10.300666000097408,12333.699333999903
value,time
0,3.961750000144093
0,7.961750000144093
0,11.961750000144093
0,15.961750000144093
0,19.961750000144093
0,23.961750000144093
0,27.961750000144093
0,31.961750000144093
0,35.96175000014409
0,39.96175000014409
0,43.96175000014409
0,47.96175000014409
0,51.96175000014409
0,55.96175000014409
0,59.96175000014409
0,63.96175000014409
0,67.9617500001441
0,71.9617500001441
0,75.9617500001441
0,79.9617500001441
0,83.9617500001441
0,87.9617500001441
0,91.9617500001441
0,95.9617500001441
0,99.9617500001441
0,103.9617500001441
0,107.9617500001441
0,111.9617500001441
0,115.9617500001441
0,119.9617500001441
0,123.9617500001441
0,127.9617500001441
0,131.9617500001441
0,135.9617500001441
0,139.9617500001441
0,143.9617500001441
0,147.9617500001441
0,151.9617500001441
0,155.9617500001441
0,159.9617500001441
0,163.9617500001441
0,167.9617500001441
0,171.9617500001441
0,175.9617500001441
0,179.9617500001441
0,183.9617500001441
0,187.9617500001441
0,191.9617500001441
0,195.9617500001441
0,199.9617500001441
0,203.9617500001441
0,207.9617500001441
0,211.9617500001441
0,215.9617500001441
0,219.9617500001441
0,223.9617500001441
0,227.9617500001441
0,231.9617500001441
0,235.9617500001441
0,239.9617500001441
0,243.9617500001441
0,247.9617500001441
0,251.9617500001441
0,255.9617500001441
0,259.9617500001441
0,263.9617500001441
0,267.9617500001441
0,271.9617500001441
0,275.9617500001441
0,279.9617500001441
0,283.9617500001441
0,287.9617500001441
0,291.9617500001441
0,295.9617500001441
0,299.9617500001441
0,303.9617500001441
0,307.9617500001441
0,311.9617500001441
0,315.9617500001441
0,319.9617500001441
0,323.9617500001441
0,327.9617500001441
0,331.9617500001441
0,335.9617500001441
0,339.9617500001441
0,343.9617500001441
0,347.9617500001441
0,351.9617500001441
0,355.9617500001441
0,359.9617500001441
0,363.9617500001441
0,367.9617500001441
0,371.9617500001441
0,375.9617500001441
0,379.9617500001441
0,383.9617500001441
0,387.9617500001441
0,391.9617500001441
0,395.9617500001441
0,399.9617500001441
0,403.9617500001441
0,407.9617500001441
0,411.9617500001441
0,415.9617500001441
0,419.9617500001441
0,423.9617500001441
0,427.9617500001441
0,431.9617500001441
0,435.9617500001441
0,439.9617500001441
0,443.9617500001441
0,447.9617500001441
0,451.9617500001441
0,455.9617500001441
0,459.9617500001441
0,463.9617500001441
0,467.9617500001441
0,471.9617500001441
0,475.9617500001441
0,479.9617500001441
0,483.9617500001441
0,487.9617500001441
0,491.9617500001441
0,495.9617500001441
0,499.9617500001441
0,503.9617500001441
0,507.9617500001441
0,511.9617500001441
0,515.9617500001441
0,519.9617500001441
0,523.9617500001441
0,527.9617500001441
0,531.9617500001441
0,535.9617500001441
0,539.9617500001441
0,543.9617500001441
0,547.9617500001441
0,551.9617500001441
0,555.9617500001441
0,559.9617500001441
0,563.9617500001441
0,567.9617500001441
0,571.9617500001441
0,575.9617500001441
0,579.9617500001441
0,583.9617500001441
0,587.9617500001441
0,591.9617500001441
0,595.9617500001441
0,599.9617500001441
0,603.9617500001441
0,607.9617500001441
0,611.9617500001441
0,615.9617500001441
0,619.9617500001441
0,623.9617500001441
0,627.9617500001441
0,631.9617500001441
0,635.9617500001441
0,639.9617500001441
0,643.9617500001441
0,647.9617500001441
0,651.9617500001441
0,655.9617500001441
0,659.9617500001441
0,663.9617500001441
0,667.9617500001441
0,671.9617500001441
0,675.9617500001441
0,679.9617500001441
0,683.9617500001441
0,687.9617500001441
0,691.9617500001441
0,695.9617500001441
0,699.9617500001441
0,703.9617500001441
0,707.9617500001441
0,711.9617500001441
0,715.9617500001441
0,719.9617500001441
1,723.9617500001441
1,727.9617500001441
1,731.9617500001441
1,735.9617500001441
1,739.9617500001441
1,743.9617500001441
1,747.9617500001441
2,751.9617500001441
2,755.9617500001441
2,759.9617500001441
2,763.9617500001441
2,767.9617500001441
2,771.9617500001441
2,775.9617500001441
2,779.9617500001441
2,783.9617500001441
2,787.9617500001441
2,791.9617500001441
2,795.9617500001441
2,799.9617500001441
2,803.9617500001441
2,807.9617500001441
2,811.9617500001441
2,815.9617500001441
2,819.9617500001441
2,823.9617500001441
2,827.9617500001441
2,831.9617500001441
2,835.9617500001441
3,839.9617500001441
2,843.9617500001441
2,847.9617500001441
2,851.9617500001441
2,855.9617500001441
2,859.9617500001441
2,863.9617500001441
2,867.9617500001441
2,871.9617500001441
2,875.9617500001441
2,879.9617500001441
3,883.9617500001441
2,887.9617500001441
2,891.9617500001441
2,895.9617500001441
3,899.9617500001441
2,903.9617500001441
2,907.9617500001441
2,911.9617500001441
2,915.9617500001441
3,919.9617500001441
3,923.9617500001441
2,927.9617500001441
3,931.9617500001441
3,935.9617500001441
3,939.9617500001441
3,943.9617500001441
3,947.9617500001441
3,951.9617500001441
3,955.9617500001441
3,959.9617500001441
3,963.9617500001441
4,967.9617500001441
4,971.9617500001441
4,975.9617500001441
4,979.9617500001441
5,983.9617500001441
5,987.9617500001441
5,991.9617500001441
6,995.9617500001441
6,999.9617500001441
7,1003.9617500001441
7,1007.9617500001441
7,1011.9617500001441
8,1015.9617500001441
8,1019.9617500001441
8,1023.9617500001441
9,1027.961750000144
9,1031.961750000144
9,1035.961750000144
10,1039.961750000144
10,1043.961750000144
10,1047.961750000144
11,1051.961750000144
11,1055.961750000144
12,1059.961750000144
12,1063.961750000144
12,1067.961750000144
13,1071.961750000144
13,1075.961750000144
13,1079.961750000144
14,1083.961750000144
14,1087.961750000144
14,1091.961750000144
14,1095.961750000144
15,1099.961750000144
15,1103.961750000144
15,1107.961750000144
16,1111.961750000144
16,1115.961750000144
16,1119.961750000144
17,1123.961750000144
17,1127.961750000144
17,1131.961750000144
17,1135.961750000144
18,1139.961750000144
18,1143.961750000144
18,1147.961750000144
19,1151.961750000144
19,1155.961750000144
19,1159.961750000144
20,1163.961750000144
20,1167.961750000144
20,1171.961750000144
21,1175.961750000144
21,1179.961750000144
21,1183.961750000144
21,1187.961750000144
22,1191.961750000144
22,1195.961750000144
23,1199.961750000144
23,1203.961750000144
23,1207.961750000144
23,1211.961750000144
24,1215.961750000144
24,1219.961750000144
24,1223.961750000144
24,1227.961750000144
25,1231.961750000144
25,1235.961750000144
25,1239.961750000144
25,1243.961750000144
25,1247.961750000144
26,1251.961750000144
26,1255.961750000144
26,1259.961750000144
26,1263.961750000144
26,1267.961750000144
26,1271.961750000144
26,1275.961750000144
27,1279.961750000144
27,1283.961750000144
27,1287.961750000144
27,1291.961750000144
27,1295.961750000144
27,1299.961750000144
27,1303.961750000144
27,1307.961750000144
27,1311.961750000144
27,1315.961750000144
28,1319.961750000144
28,1323.961750000144
28,1327.961750000144
28,1331.961750000144
28,1335.961750000144
28,1339.961750000144
28,1343.961750000144
28,1347.961750000144
28,1351.961750000144
27,1355.961750000144
28,1359.961750000144
28,1363.961750000144
28,1367.961750000144
28,1371.961750000144
28,1375.961750000144
28,1379.961750000144
28,1383.961750000144
28,1387.961750000144
28,1391.961750000144
28,1395.961750000144
28,1399.961750000144
28,1403.961750000144
28,1407.961750000144
28,1411.961750000144
28,1415.961750000144
28,1419.961750000144
28,1423.961750000144
28,1427.961750000144
28,1431.961750000144
28,1435.961750000144
28,1439.961750000144
28,1443.961750000144
28,1447.961750000144
28,1451.961750000144
28,1455.961750000144
28,1459.961750000144
28,1463.961750000144
28,1467.961750000144
28,1471.961750000144
28,1475.961750000144
28,1479.961750000144
28,1483.961750000144
28,1487.961750000144
28,1491.961750000144
27,1495.961750000144
28,1499.961750000144
28,1503.961750000144
28,1507.961750000144
28,1511.961750000144
28,1515.961750000144
28,1519.961750000144
28,1523.961750000144
27,1527.961750000144
28,1531.961750000144
28,1535.961750000144
28,1539.961750000144
27,1543.961750000144
28,1547.961750000144
28,1551.961750000144
28,1555.961750000144
28,1559.961750000144
28,1563.961750000144
28,1567.961750000144
28,1571.961750000144
28,1575.961750000144
28,1579.961750000144
28,1583.961750000144
28,1587.961750000144
28,1591.961750000144
28,1595.961750000144
28,1599.961750000144
28,1603.961750000144
28,1607.961750000144
28,1611.961750000144
27,1615.961750000144
28,1619.961750000144
28,1623.961750000144
28,1627.961750000144
28,1631.961750000144
27,1635.961750000144
28,1639.961750000144
28,1643.961750000144
28,1647.961750000144
28,1651.961750000144
28,1655.961750000144
28,1659.961750000144
28,1663.961750000144
28,1667.961750000144
28,1671.961750000144
27,1675.961750000144
27,1679.961750000144
28,1683.961750000144
28,1687.961750000144
28,1691.961750000144
28,1695.961750000144
28,1699.961750000144
28,1703.961750000144
28,1707.961750000144
28,1711.961750000144
28,1715.961750000144
28,1719.961750000144
28,1723.961750000144
28,1727.961750000144
28,1731.961750000144
28,1735.961750000144
28,1739.961750000144
28,1743.961750000144
28,1747.961750000144
27,1751.961750000144
28,1755.961750000144
28,1759.961750000144
28,1763.961750000144
28,1767.961750000144
28,1771.961750000144
28,1775.961750000144
28,1779.961750000144
27,1783.961750000144
27,1787.961750000144
28,1791.961750000144
28,1795.961750000144
28,1799.961750000144
28,1803.961750000144
28,1807.961750000144
28,1811.961750000144
28,1815.961750000144
28,1819.961750000144
27,1823.961750000144
28,1827.961750000144
28,1831.961750000144
28,1835.961750000144
28,1839.961750000144
28,1843.961750000144
28,1847.961750000144
28,1851.961750000144
28,1855.961750000144
28,1859.961750000144
28,1863.961750000144
27,1867.961750000144
28,1871.961750000144
28,1875.961750000144
28,1879.961750000144
27,1883.961750000144
28,1887.961750000144
28,1891.961750000144
28,1895.961750000144
28,1899.961750000144
28,1903.961750000144
29,1907.961750000144
29,1911.961750000144
30,1915.961750000144
30,1919.961750000144
31,1923.961750000144
31,1927.961750000144
32,1931.961750000144
32,1935.961750000144
33,1939.961750000144
33,1943.961750000144
33,1947.961750000144
34,1951.961750000144
34,1955.961750000144
35,1959.961750000144
35,1963.961750000144
35,1967.961750000144
35,1971.961750000144
35,1975.961750000144
36,1979.961750000144
35,1983.961750000144
35,1987.961750000144
35,1991.961750000144
35,1995.961750000144
35,1999.961750000144
35,2003.961750000144
35,2007.961750000144
35,2011.961750000144
35,2015.961750000144
35,2019.961750000144
35,2023.961750000144
35,2027.961750000144
35,2031.961750000144
35,2035.961750000144
35,2039.961750000144
35,2043.961750000144
35,2047.961750000144
35,2051.961750000144
35,2055.961750000144
35,2059.961750000144
35,2063.961750000144
35,2067.961750000144
35,2071.961750000144
35,2075.961750000144
35,2079.961750000144
35,2083.961750000144
34,2087.961750000144
34,2091.961750000144
33,2095.961750000144
33,2099.961750000144
33,2103.961750000144
32,2107.961750000144
32,2111.961750000144
32,2115.961750000144
31,2119.961750000144
31,2123.961750000144
31,2127.961750000144
30,2131.961750000144
30,2135.961750000144
30,2139.961750000144
29,2143.961750000144
29,2147.961750000144
29,2151.961750000144
29,2155.961750000144
28,2159.961750000144
28,2163.961750000144
28,2167.961750000144
27,2171.961750000144
27,2175.961750000144
27,2179.961750000144
27,2183.961750000144
27,2187.961750000144
27,2191.961750000144
27,2195.961750000144
26,2199.961750000144
26,2203.961750000144
27,2207.961750000144
26,2211.961750000144
27,2215.961750000144
26,2219.961750000144
26,2223.961750000144
27,2227.961750000144
27,2231.961750000144
26,2235.961750000144
27,2239.961750000144
26,2243.961750000144
27,2247.961750000144
27,2251.961750000144
27,2255.961750000144
27,2259.961750000144
27,2263.961750000144
27,2267.961750000144
27,2271.961750000144
27,2275.961750000144
27,2279.961750000144
27,2283.961750000144
27,2287.961750000144
27,2291.961750000144
27,2295.961750000144
27,2299.961750000144
27,2303.961750000144
27,2307.961750000144
26,2311.961750000144
27,2315.961750000144
26,2319.961750000144
26,2323.961750000144
26,2327.961750000144
26,2331.961750000144
25,2335.961750000144
25,2339.961750000144
24,2343.961750000144
24,2347.961750000144
24,2351.961750000144
24,2355.961750000144
22,2359.961750000144
22,2363.961750000144
22,2367.961750000144
21,2371.961750000144
20,2375.961750000144
19,2379.961750000144
19,2383.961750000144
18,2387.961750000144
17,2391.961750000144
17,2395.961750000144
16,2399.961750000144
16,2403.961750000144
15,2407.961750000144
15,2411.961750000144
14,2415.961750000144
13,2419.961750000144
13,2423.961750000144
13,2427.961750000144
12,2431.961750000144
12,2435.961750000144
12,2439.961750000144
12,2443.961750000144
12,2447.961750000144
12,2451.961750000144
12,2455.961750000144
12,2459.961750000144
12,2463.961750000144
12,2467.961750000144
12,2471.961750000144
12,2475.961750000144
12,2479.961750000144
12,2483.961750000144
12,2487.961750000144
12,2491.961750000144
12,2495.961750000144
12,2499.961750000144
12,2503.961750000144
12,2507.961750000144
12,2511.961750000144
12,2515.961750000144
13,2519.961750000144
13,2523.961750000144
13,2527.961750000144
14,2531.961750000144
14,2535.961750000144
15,2539.961750000144
15,2543.961750000144
16,2547.961750000144
17,2551.961750000144
18,2555.961750000144
19,2559.961750000144
20,2563.961750000144
21,2567.961750000144
22,2571.961750000144
22,2575.961750000144
23,2579.961750000144
24,2583.961750000144
25,2587.961750000144
25,2591.961750000144
26,2595.961750000144
26,2599.961750000144
27,2603.961750000144
27,2607.961750000144
27,2611.961750000144
28,2615.961750000144
28,2619.961750000144
28,2623.961750000144
28,2627.961750000144
28,2631.961750000144
28,2635.961750000144
28,2639.961750000144
28,2643.961750000144
28,2647.961750000144
28,2651.961750000144
28,2655.961750000144
28,2659.961750000144
28,2663.961750000144
28,2667.961750000144
28,2671.961750000144
28,2675.961750000144
28,2679.961750000144
28,2683.961750000144
28,2687.961750000144
28,2691.961750000144
28,2695.961750000144
28,2699.961750000144
29,2703.961750000144
29,2707.961750000144
29,2711.961750000144
29,2715.961750000144
29,2719.961750000144
30,2723.961750000144
30,2727.961750000144
30,2731.961750000144
31,2735.961750000144
32,2739.961750000144
32,2743.961750000144
32,2747.961750000144
33,2751.961750000144
34,2755.961750000144
34,2759.961750000144
35,2763.961750000144
35,2767.961750000144
36,2771.961750000144
37,2775.961750000144
37,2779.961750000144
37,2783.961750000144
38,2787.961750000144
39,2791.961750000144
39,2795.961750000144
40,2799.961750000144
40,2803.961750000144
41,2807.961750000144
41,2811.961750000144
42,2815.961750000144
42,2819.961750000144
43,2823.961750000144
43,2827.961750000144
44,2831.961750000144
45,2835.961750000144
45,2839.961750000144
46,2843.961750000144
46,2847.961750000144
47,2851.961750000144
48,2855.961750000144
49,2859.961750000144
49,2863.961750000144
50,2867.961750000144
51,2871.961750000144
52,2875.961750000144
52,2879.961750000144
54,2883.961750000144
54,2887.961750000144
55,2891.961750000144
56,2895.961750000144
57,2899.961750000144
58,2903.961750000144
59,2907.961750000144
59,2911.961750000144
60,2915.961750000144
61,2919.961750000144
62,2923.961750000144
62,2927.961750000144
64,2931.961750000144
64,2935.961750000144
65,2939.961750000144
66,2943.961750000144
67,2947.961750000144
67,2951.961750000144
68,2955.961750000144
69,2959.961750000144
70,2963.961750000144
71,2967.961750000144
72,2971.961750000144
73,2975.961750000144
74,2979.961750000144
75,2983.961750000144
76,2987.961750000144
77,2991.961750000144
78,2995.961750000144
79,2999.961750000144
80,3003.961750000144
81,3007.961750000144
82,3011.961750000144
83,3015.961750000144
85,3019.961750000144
86,3023.961750000144
87,3027.961750000144
88,3031.961750000144
89,3035.961750000144
91,3039.961750000144
92,3043.961750000144
93,3047.961750000144
94,3051.961750000144
95,3055.961750000144
96,3059.961750000144
97,3063.961750000144
99,3067.961750000144
100,3071.961750000144
101,3075.961750000144
102,3079.961750000144
103,3083.961750000144
104,3087.961750000144
105,3091.961750000144
106,3095.961750000144
108,3099.961750000144
109,3103.961750000144
110,3107.961750000144
111,3111.961750000144
112,3115.961750000144
113,3119.961750000144
114,3123.961750000144
116,3127.961750000144
117,3131.961750000144
118,3135.961750000144
119,3139.961750000144
120,3143.961750000144
122,3147.961750000144
123,3151.961750000144
124,3155.961750000144
125,3159.961750000144
126,3163.961750000144
127,3167.961750000144
128,3171.961750000144
130,3175.961750000144
130,3179.961750000144
131,3183.961750000144
132,3187.961750000144
133,3191.961750000144
134,3195.961750000144
135,3199.961750000144
136,3203.961750000144
137,3207.961750000144
138,3211.961750000144
139,3215.961750000144
140,3219.961750000144
140,3223.961750000144
141,3227.961750000144
142,3231.961750000144
142,3235.961750000144
143,3239.961750000144
144,3243.961750000144
145,3247.961750000144
145,3251.961750000144
146,3255.961750000144
146,3259.961750000144
147,3263.961750000144
148,3267.961750000144
148,3271.961750000144
148,3275.961750000144
149,3279.961750000144
149,3283.961750000144
150,3287.961750000144
151,3291.961750000144
151,3295.961750000144
151,3299.961750000144
152,3303.961750000144
152,3307.961750000144
153,3311.961750000144
153,3315.961750000144
154,3319.961750000144
154,3323.961750000144
154,3327.961750000144
155,3331.961750000144
155,3335.961750000144
155,3339.961750000144
156,3343.961750000144
156,3347.961750000144
157,3351.961750000144
157,3355.961750000144
158,3359.961750000144
158,3363.961750000144
158,3367.961750000144
159,3371.961750000144
159,3375.961750000144
160,3379.961750000144
160,3383.961750000144
160,3387.961750000144
160,3391.961750000144
161,3395.961750000144
161,3399.961750000144
162,3403.961750000144
162,3407.961750000144
162,3411.961750000144
162,3415.961750000144
163,3419.961750000144
163,3423.961750000144
163,3427.961750000144
164,3431.961750000144
164,3435.961750000144
164,3439.961750000144
164,3443.961750000144
164,3447.961750000144
165,3451.961750000144
165,3455.961750000144
165,3459.961750000144
165,3463.961750000144
165,3467.961750000144
165,3471.961750000144
166,3475.961750000144
166,3479.961750000144
166,3483.961750000144
166,3487.961750000144
166,3491.961750000144
167,3495.961750000144
167,3499.961750000144
167,3503.961750000144
167,3507.961750000144
167,3511.961750000144
167,3515.961750000144
167,3519.961750000144
168,3523.961750000144
168,3527.961750000144
168,3531.961750000144
169,3535.961750000144
169,3539.961750000144
169,3543.961750000144
170,3547.961750000144
170,3551.961750000144
170,3555.961750000144
171,3559.961750000144
171,3563.961750000144
171,3567.961750000144
172,3571.961750000144
172,3575.961750000144
173,3579.961750000144
173,3583.961750000144
173,3587.961750000144
173,3591.961750000144
174,3595.961750000144
174,3599.961750000144
175,3603.961750000144
175,3607.961750000144
175,3611.961750000144
176,3615.961750000144
176,3619.961750000144
176,3623.961750000144
177,3627.961750000144
177,3631.961750000144
178,3635.961750000144
178,3639.961750000144
178,3643.961750000144
178,3647.961750000144
179,3651.961750000144
179,3655.961750000144
179,3659.961750000144
179,3663.961750000144
179,3667.961750000144
179,3671.961750000144
180,3675.961750000144
180,3679.961750000144
180,3683.961750000144
180,3687.961750000144
180,3691.961750000144
180,3695.961750000144
180,3699.961750000144
180,3703.961750000144
180,3707.961750000144
181,3711.961750000144
181,3715.961750000144
181,3719.961750000144
181,3723.961750000144
181,3727.961750000144
181,3731.961750000144
181,3735.961750000144
181,3739.961750000144
181,3743.961750000144
181,3747.961750000144
181,3751.961750000144
181,3755.961750000144
181,3759.961750000144
181,3763.961750000144
182,3767.961750000144
182,3771.961750000144
182,3775.961750000144
182,3779.961750000144
182,3783.961750000144
182,3787.961750000144
183,3791.961750000144
183,3795.961750000144
183,3799.961750000144
183,3803.961750000144
183,3807.961750000144
183,3811.961750000144
184,3815.961750000144
183,3819.961750000144
184,3823.961750000144
184,3827.961750000144
184,3831.961750000144
184,3835.961750000144
184,3839.961750000144
185,3843.961750000144
185,3847.961750000144
185,3851.961750000144
185,3855.961750000144
185,3859.961750000144
185,3863.961750000144
186,3867.961750000144
186,3871.961750000144
186,3875.961750000144
186,3879.961750000144
186,3883.961750000144
187,3887.961750000144
187,3891.961750000144
187,3895.961750000144
187,3899.961750000144
187,3903.961750000144
187,3907.961750000144
188,3911.961750000144
188,3915.961750000144
188,3919.961750000144
188,3923.961750000144
188,3927.961750000144
189,3931.961750000144
189,3935.961750000144
189,3939.961750000144
189,3943.961750000144
190,3947.961750000144
190,3951.961750000144
190,3955.961750000144
190,3959.961750000144
190,3963.961750000144
190,3967.961750000144
190,3971.961750000144
190,3975.961750000144
190,3979.961750000144
191,3983.961750000144
191,3987.961750000144
191,3991.961750000144
191,3995.961750000144
191,3999.961750000144
192,4003.961750000144
192,4007.961750000144
192,4011.961750000144
192,4015.961750000144
192,4019.961750000144
192,4023.961750000144
193,4027.961750000144
193,4031.961750000144
193,4035.961750000144
194,4039.961750000144
193,4043.961750000144
193,4047.961750000144
194,4051.961750000144
194,4055.961750000144
194,4059.961750000144
194,4063.961750000144
194,4067.961750000144
194,4071.961750000144
194,4075.961750000144
195,4079.961750000144
195,4083.961750000144
195,4087.961750000144
195,4091.961750000144
195,4095.961750000144
195,4099.961750000144
195,4103.961750000144
195,4107.961750000144
195,4111.961750000144
196,4115.961750000144
196,4119.961750000144
196,4123.961750000144
196,4127.961750000144
196,4131.961750000144
196,4135.961750000144
196,4139.961750000144
196,4143.961750000144
196,4147.961750000144
196,4151.961750000144
196,4155.961750000144
196,4159.961750000144
196,4163.961750000144
196,4167.961750000144
196,4171.961750000144
196,4175.961750000144
196,4179.961750000144
196,4183.961750000144
196,4187.961750000144
196,4191.961750000144
196,4195.961750000144
196,4199.961750000144
196,4203.961750000144
196,4207.961750000144
196,4211.961750000144
196,4215.961750000144
196,4219.961750000144
196,4223.961750000144
196,4227.961750000144
196,4231.961750000144
196,4235.961750000144
196,4239.961750000144
196,4243.961750000144
196,4247.961750000144
196,4251.961750000144
196,4255.961750000144
196,4259.961750000144
196,4263.961750000144
196,4267.961750000144
196,4271.961750000144
196,4275.961750000144
196,4279.961750000144
196,4283.961750000144
196,4287.961750000144
196,4291.961750000144
196,4295.961750000144
196,4299.961750000144
196,4303.961750000144
196,4307.961750000144
196,4311.961750000144
196,4315.961750000144
196,4319.961750000144
196,4323.961750000144
196,4327.961750000144
196,4331.961750000144
196,4335.961750000144
196,4339.961750000144
196,4343.961750000144
196,4347.961750000144
196,4351.961750000144
196,4355.961750000144
196,4359.961750000144
196,4363.961750000144
196,4367.961750000144
196,4371.961750000144
196,4375.961750000144
196,4379.961750000144
196,4383.961750000144
196,4387.961750000144
196,4391.961750000144
196,4395.961750000144
196,4399.961750000144
196,4403.961750000144
196,4407.961750000144
196,4411.961750000144
196,4415.961750000144
196,4419.961750000144
196,4423.961750000144
196,4427.961750000144
196,4431.961750000144
196,4435.961750000144
196,4439.961750000144
196,4443.961750000144
196,4447.961750000144
196,4451.961750000144
196,4455.961750000144
196,4459.961750000144
196,4463.961750000144
196,4467.961750000144
196,4471.961750000144
196,4475.961750000144
196,4479.961750000144
196,4483.961750000144
196,4487.961750000144
196,4491.961750000144
196,4495.961750000144
196,4499.961750000144
196,4503.961750000144
196,4507.961750000144
197,4511.961750000144
197,4515.961750000144
197,4519.961750000144
196,4523.961750000144
197,4527.961750000144
197,4531.961750000144
197,4535.961750000144
197,4539.961750000144
196,4543.961750000144
196,4547.961750000144
197,4551.961750000144
197,4555.961750000144
197,4559.961750000144
196,4563.961750000144
197,4567.961750000144
197,4571.961750000144
197,4575.961750000144
197,4579.961750000144
197,4583.961750000144
197,4587.961750000144
197,4591.961750000144
197,4595.961750000144
197,4599.961750000144
197,4603.961750000144
197,4607.961750000144
197,4611.961750000144
197,4615.961750000144
197,4619.961750000144
197,4623.961750000144
197,4627.961750000144
198,4631.961750000144
198,4635.961750000144
198,4639.961750000144
197,4643.961750000144
198,4647.961750000144
198,4651.961750000144
198,4655.961750000144
198,4659.961750000144
198,4663.961750000144
198,4667.961750000144
199,4671.961750000144
198,4675.961750000144
198,4679.961750000144
199,4683.961750000144
199,4687.961750000144
199,4691.961750000144
199,4695.961750000144
199,4699.961750000144
200,4703.961750000144
200,4707.961750000144
200,4711.961750000144
201,4715.961750000144
201,4719.961750000144
201,4723.961750000144
202,4727.961750000144
202,4731.961750000144
203,4735.961750000144
203,4739.961750000144
203,4743.961750000144
203,4747.961750000144
204,4751.961750000144
204,4755.961750000144
205,4759.961750000144
205,4763.961750000144
205,4767.961750000144
206,4771.961750000144
206,4775.961750000144
206,4779.961750000144
207,4783.961750000144
207,4787.961750000144
208,4791.961750000144
208,4795.961750000144
208,4799.961750000144
208,4803.961750000144
208,4807.961750000144
209,4811.961750000144
209,4815.961750000144
209,4819.961750000144
209,4823.961750000144
209,4827.961750000144
209,4831.961750000144
210,4835.961750000144
210,4839.961750000144
210,4843.961750000144
210,4847.961750000144
210,4851.961750000144
210,4855.961750000144
211,4859.961750000144
211,4863.961750000144
211,4867.961750000144
211,4871.961750000144
211,4875.961750000144
211,4879.961750000144
211,4883.961750000144
212,4887.961750000144
212,4891.961750000144
212,4895.961750000144
212,4899.961750000144
212,4903.961750000144
213,4907.961750000144
212,4911.961750000144
212,4915.961750000144
212,4919.961750000144
212,4923.961750000144
212,4927.961750000144
212,4931.961750000144
212,4935.961750000144
212,4939.961750000144
212,4943.961750000144
213,4947.961750000144
213,4951.961750000144
213,4955.961750000144
213,4959.961750000144
213,4963.961750000144
213,4967.961750000144
213,4971.961750000144
213,4975.961750000144
213,4979.961750000144
213,4983.961750000144
213,4987.961750000144
213,4991.961750000144
213,4995.961750000144
213,4999.961750000144
213,5003.961750000144
213,5007.961750000144
214,5011.961750000144
214,5015.961750000144
213,5019.961750000144
214,5023.961750000144
214,5027.961750000144
214,5031.961750000144
214,5035.961750000144
214,5039.961750000144
214,5043.961750000144
214,5047.961750000144
214,5051.961750000144
214,5055.961750000144
214,5059.961750000144
214,5063.961750000144
214,5067.961750000144
214,5071.961750000144
214,5075.961750000144
214,5079.961750000144
214,5083.961750000144
214,5087.961750000144
214,5091.961750000144
214,5095.961750000144
214,5099.961750000144
214,5103.961750000144
214,5107.961750000144
214,5111.961750000144
214,5115.961750000144
214,5119.961750000144
214,5123.961750000144
214,5127.961750000144
214,5131.961750000144
214,5135.961750000144
214,5139.961750000144
214,5143.961750000144
214,5147.961750000144
214,5151.961750000144
214,5155.961750000144
214,5159.961750000144
214,5163.961750000144
214,5167.961750000144
214,5171.961750000144
214,5175.961750000144
214,5179.961750000144
214,5183.961750000144
214,5187.961750000144
214,5191.961750000144
214,5195.961750000144
214,5199.961750000144
214,5203.961750000144
214,5207.961750000144
214,5211.961750000144
214,5215.961750000144
214,5219.961750000144
214,5223.961750000144
214,5227.961750000144
214,5231.961750000144
214,5235.961750000144
214,5239.961750000144
214,5243.961750000144
214,5247.961750000144
214,5251.961750000144
214,5255.961750000144
214,5259.961750000144
214,5263.961750000144
214,5267.961750000144
214,5271.961750000144
214,5275.961750000144
214,5279.961750000144
214,5283.961750000144
214,5287.961750000144
214,5291.961750000144
214,5295.961750000144
214,5299.961750000144
214,5303.961750000144
214,5307.961750000144
214,5311.961750000144
214,5315.961750000144
214,5319.961750000144
214,5323.961750000144
214,5327.961750000144
214,5331.961750000144
214,5335.961750000144
214,5339.961750000144
214,5343.961750000144
214,5347.961750000144
214,5351.961750000144
214,5355.961750000144
214,5359.961750000144
214,5363.961750000144
214,5367.961750000144
214,5371.961750000144
214,5375.961750000144
214,5379.961750000144
214,5383.961750000144
214,5387.961750000144
214,5391.961750000144
214,5395.961750000144
214,5399.961750000144
214,5403.961750000144
214,5407.961750000144
214,5411.961750000144
214,5415.961750000144
214,5419.961750000144
214,5423.961750000144
214,5427.961750000144
214,5431.961750000144
214,5435.961750000144
214,5439.961750000144
214,5443.961750000144
214,5447.961750000144
214,5451.961750000144
214,5455.961750000144
214,5459.961750000144
214,5463.961750000144
214,5467.961750000144
214,5471.961750000144
214,5475.961750000144
214,5479.961750000144
214,5483.961750000144
214,5487.961750000144
214,5491.961750000144
214,5495.961750000144
214,5499.961750000144
214,5503.961750000144
214,5507.961750000144
214,5511.961750000144
214,5515.961750000144
214,5519.961750000144
214,5523.961750000144
214,5527.961750000144
214,5531.961750000144
214,5535.961750000144
214,5539.961750000144
214,5543.961750000144
214,5547.961750000144
214,5551.961750000144
214,5555.961750000144
214,5559.961750000144
214,5563.961750000144
214,5567.961750000144
214,5571.961750000144
214,5575.961750000144
214,5579.961750000144
214,5583.961750000144
214,5587.961750000144
214,5591.961750000144
214,5595.961750000144
214,5599.961750000144
214,5603.961750000144
214,5607.961750000144
214,5611.961750000144
214,5615.961750000144
214,5619.961750000144
214,5623.961750000144
214,5627.961750000144
214,5631.961750000144
214,5635.961750000144
214,5639.961750000144
214,5643.961750000144
214,5647.961750000144
214,5651.961750000144
214,5655.961750000144
214,5659.961750000144
214,5663.961750000144
214,5667.961750000144
214,5671.961750000144
214,5675.961750000144
214,5679.961750000144
214,5683.961750000144
214,5687.961750000144
214,5691.961750000144
214,5695.961750000144
214,5699.961750000144
214,5703.961750000144
214,5707.961750000144
214,5711.961750000144
214,5715.961750000144
214,5719.961750000144
214,5723.961750000144
214,5727.961750000144
214,5731.961750000144
214,5735.961750000144
214,5739.961750000144
214,5743.961750000144
214,5747.961750000144
214,5751.961750000144
214,5755.961750000144
214,5759.961750000144
214,5763.961750000144
214,5767.961750000144
214,5771.961750000144
214,5775.961750000144
214,5779.961750000144
214,5783.961750000144
213,5787.961750000144
214,5791.961750000144
214,5795.961750000144
214,5799.961750000144
214,5803.961750000144
214,5807.961750000144
214,5811.961750000144
214,5815.961750000144
214,5819.961750000144
214,5823.961750000144
214,5827.961750000144
214,5831.961750000144
214,5835.961750000144
214,5839.961750000144
214,5843.961750000144
214,5847.961750000144
214,5851.961750000144
214,5855.961750000144
214,5859.961750000144
214,5863.961750000144
214,5867.961750000144
214,5871.961750000144
214,5875.961750000144
214,5879.961750000144
214,5883.961750000144
214,5887.961750000144
214,5891.961750000144
214,5895.961750000144
214,5899.961750000144
214,5903.961750000144
214,5907.961750000144
214,5911.961750000144
214,5915.961750000144
214,5919.961750000144
214,5923.961750000144
214,5927.961750000144
214,5931.961750000144
214,5935.961750000144
214,5939.961750000144
214,5943.961750000144
214,5947.961750000144
214,5951.961750000144
214,5955.961750000144
214,5959.961750000144
214,5963.961750000144
214,5967.961750000144
214,5971.961750000144
214,5975.961750000144
214,5979.961750000144
214,5983.961750000144
214,5987.961750000144
214,5991.961750000144
214,5995.961750000144
214,5999.961750000144
214,6003.961750000144
214,6007.961750000144
214,6011.961750000144
214,6015.961750000144
214,6019.961750000144
214,6023.961750000144
214,6027.961750000144
214,6031.961750000144
214,6035.961750000144
214,6039.961750000144
214,6043.961750000144
214,6047.961750000144
214,6051.961750000144
214,6055.961750000144
214,6059.961750000144
214,6063.961750000144
214,6067.961750000144
214,6071.961750000144
214,6075.961750000144
214,6079.961750000144
214,6083.961750000144
214,6087.961750000144
214,6091.961750000144
214,6095.961750000144
214,6099.961750000144
214,6103.961750000144
214,6107.961750000144
214,6111.961750000144
214,6115.961750000144
214,6119.961750000144
214,6123.961750000144
214,6127.961750000144
214,6131.961750000144
214,6135.961750000144
214,6139.961750000144
214,6143.961750000144
214,6147.961750000144
214,6151.961750000144
214,6155.961750000144
214,6159.961750000144
214,6163.961750000144
214,6167.961750000144
214,6171.961750000144
214,6175.961750000144
214,6179.961750000144
214,6183.961750000144
214,6187.961750000144
214,6191.961750000144
214,6195.961750000144
214,6199.961750000144
214,6203.961750000144
214,6207.961750000144
214,6211.961750000144
214,6215.961750000144
214,6219.961750000144
214,6223.961750000144
214,6227.961750000144
214,6231.961750000144
214,6235.961750000144
214,6239.961750000144
214,6243.961750000144
214,6247.961750000144
214,6251.961750000144
215,6255.961750000144
215,6259.961750000144
215,6263.961750000144
215,6267.961750000144
215,6271.961750000144
215,6275.961750000144
215,6279.961750000144
215,6283.961750000144
215,6287.961750000144
216,6291.961750000144
216,6295.961750000144
216,6299.961750000144
216,6303.961750000144
216,6307.961750000144
216,6311.961750000144
217,6315.961750000144
217,6319.961750000144
217,6323.961750000144
217,6327.961750000144
217,6331.961750000144
217,6335.961750000144
217,6339.961750000144
218,6343.961750000144
218,6347.961750000144
218,6351.961750000144
218,6355.961750000144
218,6359.961750000144
218,6363.961750000144
218,6367.961750000144
218,6371.961750000144
219,6375.961750000144
219,6379.961750000144
219,6383.961750000144
219,6387.961750000144
219,6391.961750000144
219,6395.961750000144
220,6399.961750000144
220,6403.961750000144
220,6407.961750000144
220,6411.961750000144
220,6415.961750000144
221,6419.961750000144
221,6423.961750000144
221,6427.961750000144
221,6431.961750000144
222,6435.961750000144
222,6439.961750000144
222,6443.961750000144
222,6447.961750000144
223,6451.961750000144
223,6455.961750000144
223,6459.961750000144
223,6463.961750000144
223,6467.961750000144
224,6471.961750000144
224,6475.961750000144
224,6479.961750000144
224,6483.961750000144
224,6487.961750000144
225,6491.961750000144
225,6495.961750000144
225,6499.961750000144
225,6503.961750000144
225,6507.961750000144
225,6511.961750000144
225,6515.961750000144
226,6519.961750000144
226,6523.961750000144
226,6527.961750000144
226,6531.961750000144
226,6535.961750000144
226,6539.961750000144
226,6543.961750000144
226,6547.961750000144
226,6551.961750000144
227,6555.961750000144
227,6559.961750000144
227,6563.961750000144
226,6567.961750000144
227,6571.961750000144
227,6575.961750000144
227,6579.961750000144
227,6583.961750000144
227,6587.961750000144
227,6591.961750000144
227,6595.961750000144
227,6599.961750000144
227,6603.961750000144
227,6607.961750000144
227,6611.961750000144
227,6615.961750000144
227,6619.961750000144
227,6623.961750000144
228,6627.961750000144
228,6631.961750000144
228,6635.961750000144
228,6639.961750000144
228,6643.961750000144
228,6647.961750000144
228,6651.961750000144
228,6655.961750000144
228,6659.961750000144
228,6663.961750000144
228,6667.961750000144
228,6671.961750000144
228,6675.961750000144
229,6679.961750000144
228,6683.961750000144
229,6687.961750000144
229,6691.961750000144
229,6695.961750000144
229,6699.961750000144
229,6703.961750000144
229,6707.961750000144
229,6711.961750000144
229,6715.961750000144
229,6719.961750000144
229,6723.961750000144
229,6727.961750000144
229,6731.961750000144
229,6735.961750000144
229,6739.961750000144
230,6743.961750000144
229,6747.961750000144
230,6751.961750000144
230,6755.961750000144
230,6759.961750000144
230,6763.961750000144
230,6767.961750000144
230,6771.961750000144
230,6775.961750000144
230,6779.961750000144
230,6783.961750000144
230,6787.961750000144
230,6791.961750000144
231,6795.961750000144
231,6799.961750000144
231,6803.961750000144
231,6807.961750000144
231,6811.961750000144
231,6815.961750000144
231,6819.961750000144
231,6823.961750000144
231,6827.961750000144
231,6831.961750000144
231,6835.961750000144
231,6839.961750000144
231,6843.961750000144
231,6847.961750000144
231,6851.961750000144
231,6855.961750000144
231,6859.961750000144
231,6863.961750000144
231,6867.961750000144
231,6871.961750000144
231,6875.961750000144
231,6879.961750000144
231,6883.961750000144
231,6887.961750000144
231,6891.961750000144
231,6895.961750000144
231,6899.961750000144
231,6903.961750000144
231,6907.961750000144
231,6911.961750000144
232,6915.961750000144
231,6919.961750000144
231,6923.961750000144
231,6927.961750000144
231,6931.961750000144
231,6935.961750000144
231,6939.961750000144
231,6943.961750000144
231,6947.961750000144
231,6951.961750000144
231,6955.961750000144
232,6959.961750000144
231,6963.961750000144
231,6967.961750000144
231,6971.961750000144
231,6975.961750000144
232,6979.961750000144
232,6983.961750000144
232,6987.961750000144
232,6991.961750000144
232,6995.961750000144
232,6999.961750000144
232,7003.961750000144
232,7007.961750000144
232,7011.961750000144
232,7015.961750000144
232,7019.961750000144
232,7023.961750000144
233,7027.961750000144
233,7031.961750000144
233,7035.961750000144
233,7039.961750000144
233,7043.961750000144
233,7047.961750000144
233,7051.961750000144
233,7055.961750000144
233,7059.961750000144
233,7063.961750000144
233,7067.961750000144
233,7071.961750000144
233,7075.961750000144
233,7079.961750000144
233,7083.961750000144
233,7087.961750000144
233,7091.961750000144
234,7095.961750000144
233,7099.961750000144
233,7103.961750000144
233,7107.961750000144
233,7111.961750000144
233,7115.961750000144
233,7119.961750000144
233,7123.961750000144
233,7127.961750000144
233,7131.961750000144
233,7135.961750000144
233,7139.961750000144
234,7143.961750000144
233,7147.961750000144
233,7151.961750000144
233,7155.961750000144
233,7159.961750000144
234,7163.961750000144
233,7167.961750000144
233,7171.961750000144
233,7175.961750000144
233,7179.961750000144
233,7183.961750000144
233,7187.961750000144
233,7191.961750000144
233,7195.961750000144
233,7199.961750000144
234,7203.961750000144
233,7207.961750000144
233,7211.961750000144
233,7215.961750000144
233,7219.961750000144
234,7223.961750000144
233,7227.961750000144
233,7231.961750000144
233,7235.961750000144
233,7239.961750000144
233,7243.961750000144
233,7247.961750000144
233,7251.961750000144
233,7255.961750000144
233,7259.961750000144
233,7263.961750000144
233,7267.961750000144
233,7271.961750000144
234,7275.961750000144
233,7279.961750000144
233,7283.961750000144
233,7287.961750000144
233,7291.961750000144
233,7295.961750000144
233,7299.961750000144
233,7303.961750000144
233,7307.961750000144
233,7311.961750000144
234,7315.961750000144
233,7319.961750000144
233,7323.961750000144
233,7327.961750000144
233,7331.961750000144
233,7335.961750000144
233,7339.961750000144
233,7343.961750000144
233,7347.961750000144
233,7351.961750000144
233,7355.961750000144
233,7359.961750000144
233,7363.961750000144
233,7367.961750000144
233,7371.961750000144
233,7375.961750000144
233,7379.961750000144
233,7383.961750000144
233,7387.961750000144
233,7391.961750000144
234,7395.961750000144
233,7399.961750000144
233,7403.961750000144
233,7407.961750000144
233,7411.961750000144
233,7415.961750000144
233,7419.961750000144
233,7423.961750000144
233,7427.961750000144
234,7431.961750000144
233,7435.961750000144
233,7439.961750000144
234,7443.961750000144
233,7447.961750000144
233,7451.961750000144
233,7455.961750000144
233,7459.961750000144
233,7463.961750000144
234,7467.961750000144
234,7471.961750000144
233,7475.961750000144
233,7479.961750000144
233,7483.961750000144
234,7487.961750000144
233,7491.961750000144
233,7495.961750000144
233,7499.961750000144
233,7503.961750000144
233,7507.961750000144
233,7511.961750000144
233,7515.961750000144
233,7519.961750000144
233,7523.961750000144
233,7527.961750000144
233,7531.961750000144
233,7535.961750000144
233,7539.961750000144
233,7543.961750000144
233,7547.961750000144
234,7551.961750000144
233,7555.961750000144
233,7559.961750000144
233,7563.961750000144
234,7567.961750000144
233,7571.961750000144
233,7575.961750000144
233,7579.961750000144
233,7583.961750000144
233,7587.961750000144
233,7591.961750000144
233,7595.961750000144
234,7599.961750000144
233,7603.961750000144
233,7607.961750000144
233,7611.961750000144
233,7615.961750000144
233,7619.961750000144
234,7623.961750000144
233,7627.961750000144
233,7631.961750000144
233,7635.961750000144
233,7639.961750000144
234,7643.961750000144
233,7647.961750000144
233,7651.961750000144
234,7655.961750000144
233,7659.961750000144
233,7663.961750000144
234,7667.961750000144
233,7671.961750000144
233,7675.961750000144
234,7679.961750000144
233,7683.961750000144
234,7687.961750000144
233,7691.961750000144
233,7695.961750000144
233,7699.961750000144
233,7703.961750000144
233,7707.961750000144
233,7711.961750000144
233,7715.961750000144
234,7719.961750000144
233,7723.961750000144
233,7727.961750000144
233,7731.961750000144
233,7735.961750000144
233,7739.961750000144
234,7743.961750000144
233,7747.961750000144
233,7751.961750000144
233,7755.961750000144
234,7759.961750000144
233,7763.961750000144
233,7767.961750000144
233,7771.961750000144
233,7775.961750000144
233,7779.961750000144
233,7783.961750000144
233,7787.961750000144
233,7791.961750000144
233,7795.961750000144
233,7799.961750000144
234,7803.961750000144
233,7807.961750000144
234,7811.961750000144
234,7815.961750000144
233,7819.961750000144
234,7823.961750000144
233,7827.961750000144
233,7831.961750000144
233,7835.961750000144
233,7839.961750000144
233,7843.961750000144
234,7847.961750000144
233,7851.961750000144
233,7855.961750000144
233,7859.961750000144
233,7863.961750000144
233,7867.961750000144
234,7871.961750000144
233,7875.961750000144
233,7879.961750000144
233,7883.961750000144
233,7887.961750000144
233,7891.961750000144
233,7895.961750000144
233,7899.961750000144
233,7903.961750000144
234,7907.961750000144
234,7911.961750000144
233,7915.961750000144
233,7919.961750000144
233,7923.961750000144
233,7927.961750000144
233,7931.961750000144
233,7935.961750000144
233,7939.961750000144
233,7943.961750000144
233,7947.961750000144
233,7951.961750000144
233,7955.961750000144
233,7959.961750000144
233,7963.961750000144
233,7967.961750000144
233,7971.961750000144
233,7975.961750000144
233,7979.961750000144
233,7983.961750000144
233,7987.961750000144
233,7991.961750000144
233,7995.961750000144
233,7999.961750000144
233,8003.961750000144
233,8007.961750000144
233,8011.961750000144
234,8015.961750000144
233,8019.961750000144
233,8023.961750000144
234,8027.961750000144
233,8031.961750000144
233,8035.961750000144
234,8039.961750000144
233,8043.961750000144
233,8047.961750000144
233,8051.961750000144
234,8055.961750000144
233,8059.961750000144
233,8063.961750000144
233,8067.961750000144
233,8071.961750000144
233,8075.961750000144
233,8079.961750000144
234,8083.961750000144
233,8087.961750000144
233,8091.961750000144
234,8095.961750000144
233,8099.961750000144
233,8103.961750000144
234,8107.961750000144
234,8111.961750000144
233,8115.961750000144
234,8119.961750000144
233,8123.961750000144
233,8127.961750000144
233,8131.961750000144
234,8135.961750000144
234,8139.961750000144
233,8143.961750000144
233,8147.961750000144
233,8151.961750000144
233,8155.961750000144
233,8159.961750000144
233,8163.961750000144
233,8167.961750000144
233,8171.961750000144
233,8175.961750000144
233,8179.961750000144
233,8183.961750000144
233,8187.961750000144
233,8191.961750000144
233,8195.961750000144
233,8199.961750000144
234,8203.961750000144
233,8207.961750000144
234,8211.961750000144
234,8215.961750000144
234,8219.961750000144
233,8223.961750000144
234,8227.961750000144
234,8231.961750000144
233,8235.961750000144
233,8239.961750000144
233,8243.961750000144
233,8247.961750000144
234,8251.961750000144
234,8255.961750000144
233,8259.961750000144
234,8263.961750000144
234,8267.961750000144
233,8271.961750000144
233,8275.961750000144
233,8279.961750000144
233,8283.961750000144
233,8287.961750000144
233,8291.961750000144
233,8295.961750000144
233,8299.961750000144
233,8303.961750000144
233,8307.961750000144
233,8311.961750000144
233,8315.961750000144
233,8319.961750000144
233,8323.961750000144
233,8327.961750000144
233,8331.961750000144
233,8335.961750000144
233,8339.961750000144
233,8343.961750000144
233,8347.961750000144
233,8351.961750000144
233,8355.961750000144
233,8359.961750000144
234,8363.961750000144
233,8367.961750000144
233,8371.961750000144
233,8375.961750000144
234,8379.961750000144
233,8383.961750000144
233,8387.961750000144
233,8391.961750000144
233,8395.961750000144
233,8399.961750000144
233,8403.961750000144
234,8407.961750000144
234,8411.961750000144
233,8415.961750000144
233,8419.961750000144
234,8423.961750000144
233,8427.961750000144
233,8431.961750000144
233,8435.961750000144
233,8439.961750000144
233,8443.961750000144
233,8447.961750000144
233,8451.961750000144
233,8455.961750000144
233,8459.961750000144
234,8463.961750000144
233,8467.961750000144
233,8471.961750000144
233,8475.961750000144
233,8479.961750000144
233,8483.961750000144
233,8487.961750000144
233,8491.961750000144
233,8495.961750000144
233,8499.961750000144
234,8503.961750000144
233,8507.961750000144
233,8511.961750000144
234,8515.961750000144
234,8519.961750000144
233,8523.961750000144
234,8527.961750000144
234,8531.961750000144
234,8535.961750000144
234,8539.961750000144
234,8543.961750000144
234,8547.961750000144
234,8551.961750000144
234,8555.961750000144
235,8559.961750000144
235,8563.961750000144
235,8567.961750000144
235,8571.961750000144
235,8575.961750000144
235,8579.961750000144
236,8583.961750000144
236,8587.961750000144
236,8591.961750000144
236,8595.961750000144
236,8599.961750000144
237,8603.961750000144
237,8607.961750000144
237,8611.961750000144
237,8615.961750000144
237,8619.961750000144
238,8623.961750000144
238,8627.961750000144
238,8631.961750000144
238,8635.961750000144
238,8639.961750000144
239,8643.961750000144
239,8647.961750000144
239,8651.961750000144
239,8655.961750000144
240,8659.961750000144
240,8663.961750000144
240,8667.961750000144
240,8671.961750000144
240,8675.961750000144
240,8679.961750000144
241,8683.961750000144
241,8687.961750000144
241,8691.961750000144
241,8695.961750000144
241,8699.961750000144
241,8703.961750000144
242,8707.961750000144
242,8711.961750000144
242,8715.961750000144
242,8719.961750000144
242,8723.961750000144
243,8727.961750000144
243,8731.961750000144
243,8735.961750000144
243,8739.961750000144
243,8743.961750000144
243,8747.961750000144
244,8751.961750000144
244,8755.961750000144
244,8759.961750000144
244,8763.961750000144
244,8767.961750000144
245,8771.961750000144
245,8775.961750000144
245,8779.961750000144
245,8783.961750000144
245,8787.961750000144
245,8791.961750000144
245,8795.961750000144
246,8799.961750000144
246,8803.961750000144
246,8807.961750000144
246,8811.961750000144
246,8815.961750000144
246,8819.961750000144
246,8823.961750000144
246,8827.961750000144
247,8831.961750000144
247,8835.961750000144
247,8839.961750000144
247,8843.961750000144
247,8847.961750000144
247,8851.961750000144
247,8855.961750000144
247,8859.961750000144
247,8863.961750000144
247,8867.961750000144
247,8871.961750000144
247,8875.961750000144
247,8879.961750000144
247,8883.961750000144
247,8887.961750000144
248,8891.961750000144
248,8895.961750000144
248,8899.961750000144
248,8903.961750000144
248,8907.961750000144
248,8911.961750000144
248,8915.961750000144
248,8919.961750000144
248,8923.961750000144
248,8927.961750000144
248,8931.961750000144
248,8935.961750000144
248,8939.961750000144
248,8943.961750000144
248,8947.961750000144
249,8951.961750000144
249,8955.961750000144
248,8959.961750000144
248,8963.961750000144
249,8967.961750000144
248,8971.961750000144
249,8975.961750000144
249,8979.961750000144
249,8983.961750000144
249,8987.961750000144
249,8991.961750000144
249,8995.961750000144
249,8999.961750000144
249,9003.961750000144
249,9007.961750000144
249,9011.961750000144
249,9015.961750000144
249,9019.961750000144
249,9023.961750000144
249,9027.961750000144
249,9031.961750000144
249,9035.961750000144
249,9039.961750000144
249,9043.961750000144
250,9047.961750000144
249,9051.961750000144
249,9055.961750000144
250,9059.961750000144
249,9063.961750000144
249,9067.961750000144
249,9071.961750000144
250,9075.961750000144
250,9079.961750000144
250,9083.961750000144
250,9087.961750000144
250,9091.961750000144
250,9095.961750000144
250,9099.961750000144
250,9103.961750000144
250,9107.961750000144
250,9111.961750000144
250,9115.961750000144
250,9119.961750000144
250,9123.961750000144
250,9127.961750000144
251,9131.961750000144
250,9135.961750000144
250,9139.961750000144
251,9143.961750000144
250,9147.961750000144
251,9151.961750000144
251,9155.961750000144
251,9159.961750000144
251,9163.961750000144
251,9167.961750000144
250,9171.961750000144
251,9175.961750000144
251,9179.961750000144
251,9183.961750000144
251,9187.961750000144
251,9191.961750000144
251,9195.961750000144
251,9199.961750000144
251,9203.961750000144
251,9207.961750000144
251,9211.961750000144
251,9215.961750000144
251,9219.961750000144
251,9223.961750000144
251,9227.961750000144
251,9231.961750000144
251,9235.961750000144
251,9239.961750000144
252,9243.961750000144
252,9247.961750000144
252,9251.961750000144
252,9255.961750000144
252,9259.961750000144
252,9263.961750000144
252,9267.961750000144
252,9271.961750000144
252,9275.961750000144
252,9279.961750000144
252,9283.961750000144
252,9287.961750000144
252,9291.961750000144
252,9295.961750000144
252,9299.961750000144
252,9303.961750000144
253,9307.961750000144
253,9311.961750000144
253,9315.961750000144
253,9319.961750000144
253,9323.961750000144
253,9327.961750000144
253,9331.961750000144
254,9335.961750000144
253,9339.961750000144
254,9343.961750000144
254,9347.961750000144
254,9351.961750000144
254,9355.961750000144
254,9359.961750000144
254,9363.961750000144
254,9367.961750000144
255,9371.961750000144
255,9375.961750000144
255,9379.961750000144
255,9383.961750000144
255,9387.961750000144
255,9391.961750000144
255,9395.961750000144
255,9399.961750000144
255,9403.961750000144
255,9407.961750000144
255,9411.961750000144
255,9415.961750000144
255,9419.961750000144
255,9423.961750000144
255,9427.961750000144
255,9431.961750000144
255,9435.961750000144
255,9439.961750000144
255,9443.961750000144
255,9447.961750000144
255,9451.961750000144
255,9455.961750000144
255,9459.961750000144
255,9463.961750000144
255,9467.961750000144
255,9471.961750000144
255,9475.961750000144
255,9479.961750000144
255,9483.961750000144
255,9487.961750000144
255,9491.961750000144
255,9495.961750000144
255,9499.961750000144
255,9503.961750000144
255,9507.961750000144
255,9511.961750000144
255,9515.961750000144
255,9519.961750000144
255,9523.961750000144
255,9527.961750000144
255,9531.961750000144
255,9535.961750000144
255,9539.961750000144
255,9543.961750000144
255,9547.961750000144
255,9551.961750000144
255,9555.961750000144
255,9559.961750000144
255,9563.961750000144
255,9567.961750000144
255,9571.961750000144
255,9575.961750000144
255,9579.961750000144
255,9583.961750000144
255,9587.961750000144
255,9591.961750000144
255,9595.961750000144
255,9599.961750000144
255,9603.961750000144
255,9607.961750000144
255,9611.961750000144
255,9615.961750000144
255,9619.961750000144
255,9623.961750000144
255,9627.961750000144
255,9631.961750000144
255,9635.961750000144
255,9639.961750000144
255,9643.961750000144
255,9647.961750000144
255,9651.961750000144
255,9655.961750000144
255,9659.961750000144
255,9663.961750000144
255,9667.961750000144
255,9671.961750000144
255,9675.961750000144
255,9679.961750000144
255,9683.961750000144
255,9687.961750000144
255,9691.961750000144
255,9695.961750000144
255,9699.961750000144
255,9703.961750000144
255,9707.961750000144
255,9711.961750000144
255,9715.961750000144
255,9719.961750000144
255,9723.961750000144
255,9727.961750000144
255,9731.961750000144
255,9735.961750000144
255,9739.961750000144
255,9743.961750000144
255,9747.961750000144
255,9751.961750000144
255,9755.961750000144
255,9759.961750000144
255,9763.961750000144
255,9767.961750000144
255,9771.961750000144
255,9775.961750000144
255,9779.961750000144
255,9783.961750000144
255,9787.961750000144
255,9791.961750000144
255,9795.961750000144
255,9799.961750000144
255,9803.961750000144
255,9807.961750000144
255,9811.961750000144
255,9815.961750000144
255,9819.961750000144
255,9823.961750000144
255,9827.961750000144
255,9831.961750000144
255,9835.961750000144
255,9839.961750000144
255,9843.961750000144
255,9847.961750000144
255,9851.961750000144
255,9855.961750000144
255,9859.961750000144
255,9863.961750000144
255,9867.961750000144
255,9871.961750000144
255,9875.961750000144
255,9879.961750000144
255,9883.961750000144
255,9887.961750000144
255,9891.961750000144
255,9895.961750000144
255,9899.961750000144
255,9903.961750000144
255,9907.961750000144
255,9911.961750000144
255,9915.961750000144
255,9919.961750000144
255,9923.961750000144
255,9927.961750000144
255,9931.961750000144
255,9935.961750000144
255,9939.961750000144
255,9943.961750000144
255,9947.961750000144
255,9951.961750000144
255,9955.961750000144
255,9959.961750000144
255,9963.961750000144
255,9967.961750000144
255,9971.961750000144
255,9975.961750000144
255,9979.961750000144
255,9983.961750000144
255,9987.961750000144
255,9991.961750000144
255,9995.961750000144
255,9999.961750000144
255,10003.961750000144
255,10007.961750000144
255,10011.961750000144
255,10015.961750000144
255,10019.961750000144
255,10023.961750000144
255,10027.961750000144
255,10031.961750000144
255,10035.961750000144
255,10039.961750000144
255,10043.961750000144
255,10047.961750000144
255,10051.961750000144
255,10055.961750000144
255,10059.961750000144
255,10063.961750000144
255,10067.961750000144
255,10071.961750000144
255,10075.961750000144
255,10079.961750000144
255,10083.961750000144
255,10087.961750000144
255,10091.961750000144
255,10095.961750000144
255,10099.961750000144
255,10103.961750000144
255,10107.961750000144
255,10111.961750000144
255,10115.961750000144
255,10119.961750000144
255,10123.961750000144
255,10127.961750000144
255,10131.961750000144
255,10135.961750000144
255,10139.961750000144
255,10143.961750000144
255,10147.961750000144
255,10151.961750000144
255,10155.961750000144
255,10159.961750000144
255,10163.961750000144
255,10167.961750000144
255,10171.961750000144
255,10175.961750000144
255,10179.961750000144
255,10183.961750000144
255,10187.961750000144
255,10191.961750000144
255,10195.961750000144
255,10199.961750000144
255,10203.961750000144
255,10207.961750000144
255,10211.961750000144
255,10215.961750000144
255,10219.961750000144
255,10223.961750000144
255,10227.961750000144
255,10231.961750000144
255,10235.961750000144
255,10239.961750000144
255,10243.961750000144
255,10247.961750000144
255,10251.961750000144
255,10255.961750000144
255,10259.961750000144
255,10263.961750000144
255,10267.961750000144
255,10271.961750000144
255,10275.961750000144
255,10279.961750000144
255,10283.961750000144
255,10287.961750000144
255,10291.961750000144
255,10295.961750000144
255,10299.961750000144
255,10303.961750000144
255,10307.961750000144
255,10311.961750000144
255,10315.961750000144
255,10319.961750000144
255,10323.961750000144
255,10327.961750000144
255,10331.961750000144
255,10335.961750000144
255,10339.961750000144
255,10343.961750000144
255,10347.961750000144
255,10351.961750000144
255,10355.961750000144
255,10359.961750000144
255,10363.961750000144
255,10367.961750000144
255,10371.961750000144
255,10375.961750000144
255,10379.961750000144
255,10383.961750000144
255,10387.961750000144
255,10391.961750000144
255,10395.961750000144
255,10399.961750000144
255,10403.961750000144
255,10407.961750000144
255,10411.961750000144
255,10415.961750000144
255,10419.961750000144
255,10423.961750000144
255,10427.961750000144
255,10431.961750000144
255,10435.961750000144
255,10439.961750000144
255,10443.961750000144
255,10447.961750000144
255,10451.961750000144
255,10455.961750000144
255,10459.961750000144
255,10463.961750000144
255,10467.961750000144
255,10471.961750000144
255,10475.961750000144
255,10479.961750000144
255,10483.961750000144
255,10487.961750000144
255,10491.961750000144
255,10495.961750000144
255,10499.961750000144
255,10503.961750000144
255,10507.961750000144
255,10511.961750000144
255,10515.961750000144
255,10519.961750000144
255,10523.961750000144
255,10527.961750000144
255,10531.961750000144
255,10535.961750000144
255,10539.961750000144
255,10543.961750000144
255,10547.961750000144
255,10551.961750000144
255,10555.961750000144
255,10559.961750000144
255,10563.961750000144
255,10567.961750000144
255,10571.961750000144
255,10575.961750000144
255,10579.961750000144
255,10583.961750000144
255,10587.961750000144
255,10591.961750000144
255,10595.961750000144
255,10599.961750000144
255,10603.961750000144
255,10607.961750000144
255,10611.961750000144
255,10615.961750000144
255,10619.961750000144
255,10623.961750000144
255,10627.961750000144
255,10631.961750000144
255,10635.961750000144
255,10639.961750000144
255,10643.961750000144
255,10647.961750000144
255,10651.961750000144
255,10655.961750000144
255,10659.961750000144
255,10663.961750000144
255,10667.961750000144
255,10671.961750000144
255,10675.961750000144
255,10679.961750000144
255,10683.961750000144
255,10687.961750000144
255,10691.961750000144
255,10695.961750000144
255,10699.961750000144
255,10703.961750000144
255,10707.961750000144
255,10711.961750000144
255,10715.961750000144
255,10719.961750000144
255,10723.961750000144
255,10727.961750000144
255,10731.961750000144
255,10735.961750000144
255,10739.961750000144
255,10743.961750000144
255,10747.961750000144
255,10751.961750000144
255,10755.961750000144
255,10759.961750000144
255,10763.961750000144
255,10767.961750000144
255,10771.961750000144
255,10775.961750000144
255,10779.961750000144
255,10783.961750000144
255,10787.961750000144
255,10791.961750000144
255,10795.961750000144
255,10799.961750000144
255,10803.961750000144
255,10807.961750000144
255,10811.961750000144
255,10815.961750000144
255,10819.961750000144
255,10823.961750000144
255,10827.961750000144
255,10831.961750000144
255,10835.961750000144
255,10839.961750000144
255,10843.961750000144
255,10847.961750000144
255,10851.961750000144
255,10855.961750000144
255,10859.961750000144
255,10863.961750000144
255,10867.961750000144
255,10871.961750000144
255,10875.961750000144
255,10879.961750000144
255,10883.961750000144
255,10887.961750000144
255,10891.961750000144
255,10895.961750000144
255,10899.961750000144
255,10903.961750000144
255,10907.961750000144
255,10911.961750000144
255,10915.961750000144
255,10919.961750000144
255,10923.961750000144
255,10927.961750000144
255,10931.961750000144
255,10935.961750000144
255,10939.961750000144
255,10943.961750000144
255,10947.961750000144
255,10951.961750000144
255,10955.961750000144
255,10959.961750000144
255,10963.961750000144
255,10967.961750000144
255,10971.961750000144
255,10975.961750000144
255,10979.961750000144
255,10983.961750000144
255,10987.961750000144
255,10991.961750000144
255,10995.961750000144
255,10999.961750000144
255,11003.961750000144
255,11007.961750000144
255,11011.961750000144
255,11015.961750000144
255,11019.961750000144
255,11023.961750000144
255,11027.961750000144
255,11031.961750000144
255,11035.961750000144
255,11039.961750000144
255,11043.961750000144
255,11047.961750000144
255,11051.961750000144
255,11055.961750000144
255,11059.961750000144
255,11063.961750000144
255,11067.961750000144
255,11071.961750000144
255,11075.961750000144
255,11079.961750000144
255,11083.961750000144
255,11087.961750000144
255,11091.961750000144
255,11095.961750000144
255,11099.961750000144
255,11103.961750000144
255,11107.961750000144
255,11111.961750000144
255,11115.961750000144
255,11119.961750000144
255,11123.961750000144
255,11127.961750000144
255,11131.961750000144
255,11135.961750000144
255,11139.961750000144
255,11143.961750000144
255,11147.961750000144
255,11151.961750000144
255,11155.961750000144
255,11159.961750000144
255,11163.961750000144
255,11167.961750000144
255,11171.961750000144
255,11175.961750000144
255,11179.961750000144
255,11183.961750000144
255,11187.961750000144
255,11191.961750000144
255,11195.961750000144
255,11199.961750000144
255,11203.961750000144
255,11207.961750000144
255,11211.961750000144
255,11215.961750000144
255,11219.961750000144
255,11223.961750000144
255,11227.961750000144
255,11231.961750000144
255,11235.961750000144
255,11239.961750000144
255,11243.961750000144
255,11247.961750000144
255,11251.961750000144
255,11255.961750000144
255,11259.961750000144
255,11263.961750000144
255,11267.961750000144
255,11271.961750000144
255,11275.961750000144
255,11279.961750000144
255,11283.961750000144
255,11287.961750000144
255,11291.961750000144
255,11295.961750000144
255,11299.961750000144
255,11303.961750000144
255,11307.961750000144
255,11311.961750000144
255,11315.961750000144
255,11319.961750000144
255,11323.961750000144
255,11327.961750000144
255,11331.961750000144
255,11335.961750000144
255,11339.961750000144
255,11343.961750000144
255,11347.961750000144
255,11351.961750000144
255,11355.961750000144
255,11359.961750000144
255,11363.961750000144
255,11367.961750000144
255,11371.961750000144
255,11375.961750000144
255,11379.961750000144
255,11383.961750000144
255,11387.961750000144
255,11391.961750000144
255,11395.961750000144
255,11399.961750000144
255,11403.961750000144
255,11407.961750000144
255,11411.961750000144
255,11415.961750000144
255,11419.961750000144
255,11423.961750000144
255,11427.961750000144
255,11431.961750000144
255,11435.961750000144
255,11439.961750000144
255,11443.961750000144
255,11447.961750000144
255,11451.961750000144
255,11455.961750000144
255,11459.961750000144
255,11463.961750000144
255,11467.961750000144
255,11471.961750000144
255,11475.961750000144
255,11479.961750000144
255,11483.961750000144
255,11487.961750000144
255,11491.961750000144
255,11495.961750000144
255,11499.961750000144
255,11503.961750000144
255,11507.961750000144
255,11511.961750000144
255,11515.961750000144
255,11519.961750000144
255,11523.961750000144
255,11527.961750000144
255,11531.961750000144
255,11535.961750000144
255,11539.961750000144
255,11543.961750000144
255,11547.961750000144
255,11551.961750000144
255,11555.961750000144
255,11559.961750000144
255,11563.961750000144
255,11567.961750000144
255,11571.961750000144
255,11575.961750000144
255,11579.961750000144
255,11583.961750000144
255,11587.961750000144
255,11591.961750000144
255,11595.961750000144
255,11599.961750000144
255,11603.961750000144
255,11607.961750000144
255,11611.961750000144
255,11615.961750000144
255,11619.961750000144
255,11623.961750000144
255,11627.961750000144
255,11631.961750000144
255,11635.961750000144
255,11639.961750000144
255,11643.961750000144
255,11647.961750000144
255,11651.961750000144
255,11655.961750000144
255,11659.961750000144
255,11663.961750000144
255,11667.961750000144
255,11671.961750000144
255,11675.961750000144
255,11679.961750000144
255,11683.961750000144
255,11687.961750000144
255,11691.961750000144
255,11695.961750000144
255,11699.961750000144
255,11703.961750000144
255,11707.961750000144
255,11711.961750000144
255,11715.961750000144
255,11719.961750000144
255,11723.961750000144
255,11727.961750000144
255,11731.961750000144
255,11735.961750000144
255,11739.961750000144
255,11743.961750000144
255,11747.961750000144
255,11751.961750000144
255,11755.961750000144
255,11759.961750000144
255,11763.961750000144
255,11767.961750000144
255,11771.961750000144
255,11775.961750000144
255,11779.961750000144
255,11783.961750000144
255,11787.961750000144
255,11791.961750000144
255,11795.961750000144
255,11799.961750000144
255,11803.961750000144
255,11807.961750000144
255,11811.961750000144
255,11815.961750000144
255,11819.961750000144
255,11823.961750000144
255,11827.961750000144
255,11831.961750000144
255,11835.961750000144
255,11839.961750000144
255,11843.961750000144
255,11847.961750000144
255,11851.961750000144
255,11855.961750000144
255,11859.961750000144
255,11863.961750000144
255,11867.961750000144
255,11871.961750000144
255,11875.961750000144
255,11879.961750000144
255,11883.961750000144
255,11887.961750000144
255,11891.961750000144
255,11895.961750000144
255,11899.961750000144
255,11903.961750000144
255,11907.961750000144
255,11911.961750000144
255,11915.961750000144
255,11919.961750000144
255,11923.961750000144
255,11927.961750000144
255,11931.961750000144
255,11935.961750000144
255,11939.961750000144
255,11943.961750000144
255,11947.961750000144
255,11951.961750000144
255,11955.961750000144
255,11959.961750000144
255,11963.961750000144
255,11967.961750000144
255,11971.961750000144
255,11975.961750000144
255,11979.961750000144
255,11983.961750000144
255,11987.961750000144
255,11991.961750000144
255,11995.961750000144
255,11999.961750000144
255,12003.961750000144
255,12007.961750000144
255,12011.961750000144
255,12015.961750000144
255,12019.961750000144
255,12023.961750000144
255,12027.961750000144
255,12031.961750000144
255,12035.961750000144
255,12039.961750000144
255,12043.961750000144
255,12047.961750000144
255,12051.961750000144
255,12055.961750000144
255,12059.961750000144
255,12063.961750000144
255,12067.961750000144
255,12071.961750000144
255,12075.961750000144
255,12079.961750000144
255,12083.961750000144
255,12087.961750000144
255,12091.961750000144
255,12095.961750000144
255,12099.961750000144
255,12103.961750000144
255,12107.961750000144
255,12111.961750000144
255,12115.961750000144
255,12119.961750000144
255,12123.961750000144
255,12127.961750000144
255,12131.961750000144
255,12135.961750000144
255,12139.961750000144
255,12143.961750000144
255,12147.961750000144
255,12151.961750000144
255,12155.961750000144
255,12159.961750000144
255,12163.961750000144
255,12167.961750000144
255,12171.961750000144
255,12175.961750000144
255,12179.961750000144
255,12183.961750000144
255,12187.961750000144
255,12191.961750000144
255,12195.961750000144
255,12199.961750000144
255,12203.961750000144
255,12207.961750000144
255,12211.961750000144
255,12215.961750000144
255,12219.961750000144
255,12223.961750000144
255,12227.961750000144
255,12231.961750000144
255,12235.961750000144
255,12239.961750000144
255,12243.961750000144
255,12247.961750000144
255,12251.961750000144
255,12255.961750000144
255,12259.961750000144
255,12263.961750000144
255,12267.961750000144
255,12271.961750000144
255,12275.961750000144
255,12279.961750000144
255,12283.961750000144
255,12287.961750000144
255,12291.961750000144
255,12295.961750000144
255,12299.961750000144
255,12303.961750000144
255,12307.961750000144
255,12311.961750000144
255,12315.961750000144
255,12319.961750000144
255,12323.961750000144
255,12327.961750000144
255,12331.961750000144
255,12335.961750000144
255,12339.961750000144
255,12343.961750000144
255,12347.961750000144
