-8.081999999652908,11195.918000000347
value,time
0,3.96691700007068
0,7.96691700007068
0,11.96691700007068
0,15.96691700007068
0,19.96691700007068
0,23.96691700007068
0,27.96691700007068
0,31.96691700007068
0,35.96691700007068
0,39.96691700007068
0,43.96691700007068
0,47.96691700007068
0,51.96691700007068
0,55.96691700007068
0,59.96691700007068
0,63.96691700007068
0,67.96691700007068
0,71.96691700007068
0,75.96691700007068
0,79.96691700007068
0,83.96691700007068
0,87.96691700007068
0,91.96691700007068
0,95.96691700007068
0,99.96691700007068
0,103.96691700007068
0,107.96691700007068
0,111.96691700007068
0,115.96691700007068
0,119.96691700007068
0,123.96691700007068
0,127.96691700007068
0,131.96691700007068
0,135.96691700007068
0,139.96691700007068
0,143.96691700007068
0,147.96691700007068
0,151.96691700007068
0,155.96691700007068
0,159.96691700007068
0,163.96691700007068
0,167.96691700007068
0,171.96691700007068
0,175.96691700007068
0,179.96691700007068
0,183.96691700007068
0,187.96691700007068
0,191.96691700007068
0,195.96691700007068
0,199.96691700007068
0,203.96691700007068
0,207.96691700007068
0,211.96691700007068
0,215.96691700007068
0,219.96691700007068
0,223.96691700007068
0,227.96691700007068
0,231.96691700007068
0,235.96691700007068
0,239.96691700007068
0,243.96691700007068
0,247.96691700007068
0,251.96691700007068
0,255.96691700007068
0,259.9669170000707
0,263.9669170000707
0,267.9669170000707
0,271.9669170000707
0,275.9669170000707
0,279.9669170000707
0,283.9669170000707
0,287.9669170000707
0,291.9669170000707
0,295.9669170000707
0,299.9669170000707
0,303.9669170000707
0,307.9669170000707
0,311.9669170000707
0,315.9669170000707
0,319.9669170000707
0,323.9669170000707
0,327.9669170000707
0,331.9669170000707
0,335.9669170000707
0,339.9669170000707
0,343.9669170000707
0,347.9669170000707
0,351.9669170000707
0,355.9669170000707
0,359.9669170000707
0,363.9669170000707
0,367.9669170000707
0,371.9669170000707
0,375.9669170000707
0,379.9669170000707
0,383.9669170000707
0,387.9669170000707
0,391.9669170000707
0,395.9669170000707
0,399.9669170000707
0,403.9669170000707
0,407.9669170000707
0,411.9669170000707
0,415.9669170000707
0,419.9669170000707
0,423.9669170000707
0,427.9669170000707
0,431.9669170000707
0,435.9669170000707
0,439.9669170000707
0,443.9669170000707
0,447.9669170000707
0,451.9669170000707
0,455.9669170000707
0,459.9669170000707
0,463.9669170000707
0,467.9669170000707
0,471.9669170000707
0,475.9669170000707
0,479.9669170000707
0,483.9669170000707
0,487.9669170000707
0,491.9669170000707
0,495.9669170000707
0,499.9669170000707
0,503.9669170000707
0,507.9669170000707
0,511.9669170000707
0,515.9669170000707
0,519.9669170000707
0,523.9669170000707
0,527.9669170000707
0,531.9669170000707
0,535.9669170000707
0,539.9669170000707
0,543.9669170000707
0,547.9669170000707
0,551.9669170000707
0,555.9669170000707
0,559.9669170000707
0,563.9669170000707
0,567.9669170000707
0,571.9669170000707
0,575.9669170000707
0,579.9669170000707
0,583.9669170000707
0,587.9669170000707
0,591.9669170000707
0,595.9669170000707
0,599.9669170000707
0,603.9669170000707
0,607.9669170000707
0,611.9669170000707
0,615.9669170000707
0,619.9669170000707
0,623.9669170000707
0,627.9669170000707
0,631.9669170000707
0,635.9669170000707
0,639.9669170000707
0,643.9669170000707
0,647.9669170000707
0,651.9669170000707
0,655.9669170000707
0,659.9669170000707
0,663.9669170000707
0,667.9669170000707
0,671.9669170000707
0,675.9669170000707
0,679.9669170000707
0,683.9669170000707
0,687.9669170000707
0,691.9669170000707
0,695.9669170000707
0,699.9669170000707
0,703.9669170000707
0,707.9669170000707
0,711.9669170000707
0,715.9669170000707
0,719.9669170000707
0,723.9669170000707
0,727.9669170000707
0,731.9669170000707
0,735.9669170000707
0,739.9669170000707
0,743.9669170000707
0,747.9669170000707
0,751.9669170000707
0,755.9669170000707
0,759.9669170000707
0,763.9669170000707
0,767.9669170000707
0,771.9669170000707
0,775.9669170000707
0,779.9669170000707
0,783.9669170000707
0,787.9669170000707
0,791.9669170000707
0,795.9669170000707
0,799.9669170000707
0,803.9669170000707
0,807.9669170000707
0,811.9669170000707
0,815.9669170000707
0,819.9669170000707
0,823.9669170000707
0,827.9669170000707
0,831.9669170000707
0,835.9669170000707
0,839.9669170000707
0,843.9669170000707
0,847.9669170000707
0,851.9669170000707
0,855.9669170000707
0,859.9669170000707
0,863.9669170000707
0,867.9669170000707
0,871.9669170000707
0,875.9669170000707
0,879.9669170000707
0,883.9669170000707
0,887.9669170000707
0,891.9669170000707
0,895.9669170000707
0,899.9669170000707
0,903.9669170000707
0,907.9669170000707
1,911.9669170000707
2,915.9669170000707
3,919.9669170000707
4,923.9669170000707
5,927.9669170000707
6,931.9669170000707
6,935.9669170000707
7,939.9669170000707
8,943.9669170000707
9,947.9669170000707
9,951.9669170000707
10,955.9669170000707
11,959.9669170000707
11,963.9669170000707
12,967.9669170000707
13,971.9669170000707
14,975.9669170000707
15,979.9669170000707
16,983.9669170000707
17,987.9669170000707
18,991.9669170000707
19,995.9669170000707
20,999.9669170000707
21,1003.9669170000707
21,1007.9669170000707
23,1011.9669170000707
23,1015.9669170000707
24,1019.9669170000707
25,1023.9669170000707
26,1027.9669170000707
27,1031.9669170000707
28,1035.9669170000707
29,1039.9669170000707
29,1043.9669170000707
31,1047.9669170000707
31,1051.9669170000707
32,1055.9669170000707
33,1059.9669170000707
34,1063.9669170000707
35,1067.9669170000707
35,1071.9669170000707
36,1075.9669170000707
37,1079.9669170000707
38,1083.9669170000707
39,1087.9669170000707
40,1091.9669170000707
41,1095.9669170000707
42,1099.9669170000707
43,1103.9669170000707
44,1107.9669170000707
45,1111.9669170000707
46,1115.9669170000707
47,1119.9669170000707
49,1123.9669170000707
50,1127.9669170000707
51,1131.9669170000707
53,1135.9669170000707
54,1139.9669170000707
55,1143.9669170000707
56,1147.9669170000707
58,1151.9669170000707
59,1155.9669170000707
60,1159.9669170000707
61,1163.9669170000707
62,1167.9669170000707
64,1171.9669170000707
65,1175.9669170000707
67,1179.9669170000707
68,1183.9669170000707
69,1187.9669170000707
70,1191.9669170000707
71,1195.9669170000707
72,1199.9669170000707
73,1203.9669170000707
75,1207.9669170000707
76,1211.9669170000707
77,1215.9669170000707
77,1219.9669170000707
78,1223.9669170000707
79,1227.9669170000707
80,1231.9669170000707
81,1235.9669170000707
81,1239.9669170000707
82,1243.9669170000707
83,1247.9669170000707
83,1251.9669170000707
84,1255.9669170000707
85,1259.9669170000707
85,1263.9669170000707
86,1267.9669170000707
86,1271.9669170000707
87,1275.9669170000707
88,1279.9669170000707
88,1283.9669170000707
88,1287.9669170000707
89,1291.9669170000707
89,1295.9669170000707
90,1299.9669170000707
90,1303.9669170000707
90,1307.9669170000707
91,1311.9669170000707
91,1315.9669170000707
92,1319.9669170000707
92,1323.9669170000707
93,1327.9669170000707
93,1331.9669170000707
94,1335.9669170000707
94,1339.9669170000707
94,1343.9669170000707
95,1347.9669170000707
95,1351.9669170000707
96,1355.9669170000707
97,1359.9669170000707
98,1363.9669170000707
98,1367.9669170000707
98,1371.9669170000707
99,1375.9669170000707
100,1379.9669170000707
100,1383.9669170000707
101,1387.9669170000707
101,1391.9669170000707
102,1395.9669170000707
103,1399.9669170000707
103,1403.9669170000707
104,1407.9669170000707
105,1411.9669170000707
105,1415.9669170000707
106,1419.9669170000707
107,1423.9669170000707
108,1427.9669170000707
109,1431.9669170000707
110,1435.9669170000707
111,1439.9669170000707
112,1443.9669170000707
113,1447.9669170000707
113,1451.9669170000707
114,1455.9669170000707
115,1459.9669170000707
116,1463.9669170000707
117,1467.9669170000707
118,1471.9669170000707
119,1475.9669170000707
120,1479.9669170000707
121,1483.9669170000707
122,1487.9669170000707
123,1491.9669170000707
124,1495.9669170000707
125,1499.9669170000707
126,1503.9669170000707
127,1507.9669170000707
128,1511.9669170000707
128,1515.9669170000707
129,1519.9669170000707
130,1523.9669170000707
131,1527.9669170000707
131,1531.9669170000707
132,1535.9669170000707
133,1539.9669170000707
134,1543.9669170000707
134,1547.9669170000707
135,1551.9669170000707
136,1555.9669170000707
136,1559.9669170000707
137,1563.9669170000707
138,1567.9669170000707
139,1571.9669170000707
139,1575.9669170000707
139,1579.9669170000707
140,1583.9669170000707
140,1587.9669170000707
141,1591.9669170000707
142,1595.9669170000707
143,1599.9669170000707
143,1603.9669170000707
144,1607.9669170000707
145,1611.9669170000707
145,1615.9669170000707
146,1619.9669170000707
146,1623.9669170000707
147,1627.9669170000707
148,1631.9669170000707
148,1635.9669170000707
148,1639.9669170000707
149,1643.9669170000707
149,1647.9669170000707
149,1651.9669170000707
149,1655.9669170000707
149,1659.9669170000707
149,1663.9669170000707
150,1667.9669170000707
150,1671.9669170000707
150,1675.9669170000707
150,1679.9669170000707
150,1683.9669170000707
151,1687.9669170000707
150,1691.9669170000707
151,1695.9669170000707
151,1699.9669170000707
151,1703.9669170000707
151,1707.9669170000707
151,1711.9669170000707
152,1715.9669170000707
152,1719.9669170000707
153,1723.9669170000707
153,1727.9669170000707
153,1731.9669170000707
153,1735.9669170000707
153,1739.9669170000707
154,1743.9669170000707
154,1747.9669170000707
154,1751.9669170000707
155,1755.9669170000707
155,1759.9669170000707
155,1763.9669170000707
155,1767.9669170000707
155,1771.9669170000707
156,1775.9669170000707
156,1779.9669170000707
156,1783.9669170000707
156,1787.9669170000707
157,1791.9669170000707
157,1795.9669170000707
157,1799.9669170000707
158,1803.9669170000707
158,1807.9669170000707
158,1811.9669170000707
158,1815.9669170000707
158,1819.9669170000707
159,1823.9669170000707
159,1827.9669170000707
159,1831.9669170000707
159,1835.9669170000707
160,1839.9669170000707
160,1843.9669170000707
160,1847.9669170000707
160,1851.9669170000707
161,1855.9669170000707
161,1859.9669170000707
162,1863.9669170000707
162,1867.9669170000707
162,1871.9669170000707
162,1875.9669170000707
163,1879.9669170000707
163,1883.9669170000707
163,1887.9669170000707
164,1891.9669170000707
164,1895.9669170000707
164,1899.9669170000707
164,1903.9669170000707
164,1907.9669170000707
165,1911.9669170000707
165,1915.9669170000707
165,1919.9669170000707
165,1923.9669170000707
165,1927.9669170000707
165,1931.9669170000707
166,1935.9669170000707
166,1939.9669170000707
166,1943.9669170000707
166,1947.9669170000707
166,1951.9669170000707
166,1955.9669170000707
166,1959.9669170000707
166,1963.9669170000707
166,1967.9669170000707
166,1971.9669170000707
166,1975.9669170000707
166,1979.9669170000707
166,1983.9669170000707
166,1987.9669170000707
166,1991.9669170000707
166,1995.9669170000707
166,1999.9669170000707
166,2003.9669170000707
166,2007.9669170000707
166,2011.9669170000707
166,2015.9669170000707
166,2019.9669170000707
166,2023.9669170000707
166,2027.9669170000707
166,2031.9669170000707
166,2035.9669170000707
166,2039.9669170000707
166,2043.9669170000707
166,2047.9669170000707
166,2051.9669170000707
166,2055.9669170000707
166,2059.9669170000707
166,2063.9669170000707
166,2067.9669170000707
166,2071.9669170000707
166,2075.9669170000707
166,2079.9669170000707
166,2083.9669170000707
166,2087.9669170000707
166,2091.9669170000707
166,2095.9669170000707
166,2099.9669170000707
166,2103.9669170000707
166,2107.9669170000707
165,2111.9669170000707
165,2115.9669170000707
165,2119.9669170000707
164,2123.9669170000707
164,2127.9669170000707
163,2131.9669170000707
162,2135.9669170000707
162,2139.9669170000707
161,2143.9669170000707
160,2147.9669170000707
159,2151.9669170000707
158,2155.9669170000707
157,2159.9669170000707
156,2163.9669170000707
156,2167.9669170000707
155,2171.9669170000707
154,2175.9669170000707
154,2179.9669170000707
153,2183.9669170000707
153,2187.9669170000707
152,2191.9669170000707
152,2195.9669170000707
151,2199.9669170000707
151,2203.9669170000707
151,2207.9669170000707
150,2211.9669170000707
150,2215.9669170000707
149,2219.9669170000707
149,2223.9669170000707
149,2227.9669170000707
148,2231.9669170000707
148,2235.9669170000707
148,2239.9669170000707
148,2243.9669170000707
147,2247.9669170000707
147,2251.9669170000707
147,2255.9669170000707
147,2259.9669170000707
147,2263.9669170000707
147,2267.9669170000707
147,2271.9669170000707
146,2275.9669170000707
146,2279.9669170000707
147,2283.9669170000707
147,2287.9669170000707
147,2291.9669170000707
147,2295.9669170000707
146,2299.9669170000707
146,2303.9669170000707
147,2307.9669170000707
147,2311.9669170000707
147,2315.9669170000707
146,2319.9669170000707
146,2323.9669170000707
146,2327.9669170000707
145,2331.9669170000707
145,2335.9669170000707
145,2339.9669170000707
145,2343.9669170000707
145,2347.9669170000707
145,2351.9669170000707
145,2355.9669170000707
145,2359.9669170000707
145,2363.9669170000707
145,2367.9669170000707
145,2371.9669170000707
145,2375.9669170000707
145,2379.9669170000707
145,2383.9669170000707
145,2387.9669170000707
145,2391.9669170000707
145,2395.9669170000707
145,2399.9669170000707
145,2403.9669170000707
145,2407.9669170000707
145,2411.9669170000707
145,2415.9669170000707
145,2419.9669170000707
145,2423.9669170000707
145,2427.9669170000707
145,2431.9669170000707
144,2435.9669170000707
145,2439.9669170000707
145,2443.9669170000707
145,2447.9669170000707
145,2451.9669170000707
145,2455.9669170000707
145,2459.9669170000707
145,2463.9669170000707
145,2467.9669170000707
145,2471.9669170000707
145,2475.9669170000707
145,2479.9669170000707
145,2483.9669170000707
145,2487.9669170000707
145,2491.9669170000707
145,2495.9669170000707
145,2499.9669170000707
145,2503.9669170000707
145,2507.9669170000707
145,2511.9669170000707
145,2515.9669170000707
145,2519.9669170000707
145,2523.9669170000707
145,2527.9669170000707
145,2531.9669170000707
145,2535.9669170000707
145,2539.9669170000707
145,2543.9669170000707
145,2547.9669170000707
145,2551.9669170000707
145,2555.9669170000707
145,2559.9669170000707
145,2563.9669170000707
145,2567.9669170000707
145,2571.9669170000707
145,2575.9669170000707
145,2579.9669170000707
145,2583.9669170000707
145,2587.9669170000707
145,2591.9669170000707
145,2595.9669170000707
145,2599.9669170000707
145,2603.9669170000707
145,2607.9669170000707
145,2611.9669170000707
145,2615.9669170000707
145,2619.9669170000707
145,2623.9669170000707
145,2627.9669170000707
146,2631.9669170000707
146,2635.9669170000707
146,2639.9669170000707
146,2643.9669170000707
146,2647.9669170000707
146,2651.9669170000707
146,2655.9669170000707
146,2659.9669170000707
146,2663.9669170000707
146,2667.9669170000707
147,2671.9669170000707
146,2675.9669170000707
146,2679.9669170000707
147,2683.9669170000707
147,2687.9669170000707
147,2691.9669170000707
147,2695.9669170000707
147,2699.9669170000707
147,2703.9669170000707
147,2707.9669170000707
147,2711.9669170000707
148,2715.9669170000707
148,2719.9669170000707
148,2723.9669170000707
148,2727.9669170000707
148,2731.9669170000707
148,2735.9669170000707
148,2739.9669170000707
148,2743.9669170000707
149,2747.9669170000707
149,2751.9669170000707
149,2755.9669170000707
149,2759.9669170000707
149,2763.9669170000707
149,2767.9669170000707
150,2771.9669170000707
150,2775.9669170000707
150,2779.9669170000707
150,2783.9669170000707
150,2787.9669170000707
150,2791.9669170000707
150,2795.9669170000707
150,2799.9669170000707
150,2803.9669170000707
150,2807.9669170000707
150,2811.9669170000707
150,2815.9669170000707
150,2819.9669170000707
150,2823.9669170000707
150,2827.9669170000707
150,2831.9669170000707
150,2835.9669170000707
150,2839.9669170000707
150,2843.9669170000707
150,2847.9669170000707
150,2851.9669170000707
150,2855.9669170000707
150,2859.9669170000707
150,2863.9669170000707
150,2867.9669170000707
150,2871.9669170000707
150,2875.9669170000707
150,2879.9669170000707
150,2883.9669170000707
150,2887.9669170000707
150,2891.9669170000707
150,2895.9669170000707
150,2899.9669170000707
150,2903.9669170000707
150,2907.9669170000707
150,2911.9669170000707
150,2915.9669170000707
150,2919.9669170000707
150,2923.9669170000707
150,2927.9669170000707
150,2931.9669170000707
150,2935.9669170000707
150,2939.9669170000707
150,2943.9669170000707
150,2947.9669170000707
150,2951.9669170000707
150,2955.9669170000707
150,2959.9669170000707
150,2963.9669170000707
150,2967.9669170000707
150,2971.9669170000707
150,2975.9669170000707
150,2979.9669170000707
150,2983.9669170000707
150,2987.9669170000707
150,2991.9669170000707
150,2995.9669170000707
150,2999.9669170000707
150,3003.9669170000707
150,3007.9669170000707
150,3011.9669170000707
150,3015.9669170000707
150,3019.9669170000707
150,3023.9669170000707
150,3027.9669170000707
150,3031.9669170000707
150,3035.9669170000707
150,3039.9669170000707
150,3043.9669170000707
150,3047.9669170000707
150,3051.9669170000707
150,3055.9669170000707
150,3059.9669170000707
150,3063.9669170000707
150,3067.9669170000707
150,3071.9669170000707
150,3075.9669170000707
150,3079.9669170000707
150,3083.9669170000707
150,3087.9669170000707
150,3091.9669170000707
150,3095.9669170000707
150,3099.9669170000707
150,3103.9669170000707
150,3107.9669170000707
150,3111.9669170000707
150,3115.9669170000707
150,3119.9669170000707
150,3123.9669170000707
150,3127.9669170000707
150,3131.9669170000707
150,3135.9669170000707
150,3139.9669170000707
150,3143.9669170000707
150,3147.9669170000707
150,3151.9669170000707
150,3155.9669170000707
150,3159.9669170000707
150,3163.9669170000707
150,3167.9669170000707
150,3171.9669170000707
150,3175.9669170000707
150,3179.9669170000707
150,3183.9669170000707
150,3187.9669170000707
150,3191.9669170000707
150,3195.9669170000707
150,3199.9669170000707
150,3203.9669170000707
150,3207.9669170000707
150,3211.9669170000707
150,3215.9669170000707
150,3219.9669170000707
150,3223.9669170000707
150,3227.9669170000707
150,3231.9669170000707
150,3235.9669170000707
150,3239.9669170000707
150,3243.9669170000707
150,3247.9669170000707
150,3251.9669170000707
150,3255.9669170000707
150,3259.9669170000707
150,3263.9669170000707
150,3267.9669170000707
150,3271.9669170000707
150,3275.9669170000707
150,3279.9669170000707
150,3283.9669170000707
150,3287.9669170000707
150,3291.9669170000707
150,3295.9669170000707
150,3299.9669170000707
150,3303.9669170000707
150,3307.9669170000707
150,3311.9669170000707
150,3315.9669170000707
150,3319.9669170000707
150,3323.9669170000707
150,3327.9669170000707
150,3331.9669170000707
150,3335.9669170000707
150,3339.9669170000707
150,3343.9669170000707
150,3347.9669170000707
150,3351.9669170000707
150,3355.9669170000707
150,3359.9669170000707
150,3363.9669170000707
150,3367.9669170000707
149,3371.9669170000707
149,3375.9669170000707
149,3379.9669170000707
148,3383.9669170000707
148,3387.9669170000707
148,3391.9669170000707
148,3395.9669170000707
147,3399.9669170000707
147,3403.9669170000707
147,3407.9669170000707
147,3411.9669170000707
146,3415.9669170000707
147,3419.9669170000707
146,3423.9669170000707
146,3427.9669170000707
146,3431.9669170000707
146,3435.9669170000707
146,3439.9669170000707
146,3443.9669170000707
146,3447.9669170000707
146,3451.9669170000707
145,3455.9669170000707
145,3459.9669170000707
145,3463.9669170000707
145,3467.9669170000707
145,3471.9669170000707
145,3475.9669170000707
144,3479.9669170000707
144,3483.9669170000707
144,3487.9669170000707
144,3491.9669170000707
144,3495.9669170000707
143,3499.9669170000707
143,3503.9669170000707
143,3507.9669170000707
143,3511.9669170000707
142,3515.9669170000707
142,3519.9669170000707
142,3523.9669170000707
142,3527.9669170000707
141,3531.9669170000707
141,3535.9669170000707
141,3539.9669170000707
141,3543.9669170000707
141,3547.9669170000707
141,3551.9669170000707
140,3555.9669170000707
140,3559.9669170000707
140,3563.9669170000707
140,3567.9669170000707
140,3571.9669170000707
140,3575.9669170000707
140,3579.9669170000707
140,3583.9669170000707
140,3587.9669170000707
140,3591.9669170000707
140,3595.9669170000707
140,3599.9669170000707
140,3603.9669170000707
140,3607.9669170000707
140,3611.9669170000707
140,3615.9669170000707
140,3619.9669170000707
140,3623.9669170000707
140,3627.9669170000707
140,3631.9669170000707
140,3635.9669170000707
140,3639.9669170000707
140,3643.9669170000707
140,3647.9669170000707
140,3651.9669170000707
140,3655.9669170000707
140,3659.9669170000707
140,3663.9669170000707
140,3667.9669170000707
140,3671.9669170000707
140,3675.9669170000707
140,3679.9669170000707
140,3683.9669170000707
140,3687.9669170000707
140,3691.9669170000707
140,3695.9669170000707
140,3699.9669170000707
140,3703.9669170000707
140,3707.9669170000707
140,3711.9669170000707
140,3715.9669170000707
140,3719.9669170000707
140,3723.9669170000707
140,3727.9669170000707
140,3731.9669170000707
140,3735.9669170000707
140,3739.9669170000707
140,3743.9669170000707
140,3747.9669170000707
140,3751.9669170000707
140,3755.9669170000707
140,3759.9669170000707
140,3763.9669170000707
140,3767.9669170000707
140,3771.9669170000707
140,3775.9669170000707
140,3779.9669170000707
140,3783.9669170000707
140,3787.9669170000707
140,3791.9669170000707
140,3795.9669170000707
140,3799.9669170000707
140,3803.9669170000707
140,3807.9669170000707
140,3811.9669170000707
140,3815.9669170000707
140,3819.9669170000707
140,3823.9669170000707
140,3827.9669170000707
139,3831.9669170000707
140,3835.9669170000707
140,3839.9669170000707
140,3843.9669170000707
140,3847.9669170000707
140,3851.9669170000707
140,3855.9669170000707
140,3859.9669170000707
140,3863.9669170000707
140,3867.9669170000707
140,3871.9669170000707
140,3875.9669170000707
140,3879.9669170000707
140,3883.9669170000707
140,3887.9669170000707
140,3891.9669170000707
140,3895.9669170000707
140,3899.9669170000707
140,3903.9669170000707
140,3907.9669170000707
140,3911.9669170000707
140,3915.9669170000707
140,3919.9669170000707
140,3923.9669170000707
140,3927.9669170000707
140,3931.9669170000707
140,3935.9669170000707
140,3939.9669170000707
140,3943.9669170000707
140,3947.9669170000707
140,3951.9669170000707
140,3955.9669170000707
140,3959.9669170000707
140,3963.9669170000707
140,3967.9669170000707
140,3971.9669170000707
140,3975.9669170000707
140,3979.9669170000707
140,3983.9669170000707
140,3987.9669170000707
140,3991.9669170000707
140,3995.9669170000707
140,3999.9669170000707
140,4003.9669170000707
140,4007.9669170000707
140,4011.9669170000707
140,4015.9669170000707
140,4019.9669170000707
140,4023.9669170000707
140,4027.9669170000707
140,4031.9669170000707
140,4035.9669170000707
140,4039.9669170000707
140,4043.9669170000707
140,4047.9669170000707
140,4051.9669170000707
140,4055.9669170000707
140,4059.9669170000707
140,4063.9669170000707
140,4067.9669170000707
140,4071.9669170000707
140,4075.9669170000707
140,4079.9669170000707
140,4083.9669170000707
140,4087.9669170000707
140,4091.9669170000707
140,4095.9669170000707
140,4099.966917000071
140,4103.966917000071
140,4107.966917000071
140,4111.966917000071
140,4115.966917000071
140,4119.966917000071
140,4123.966917000071
139,4127.966917000071
140,4131.966917000071
140,4135.966917000071
140,4139.966917000071
140,4143.966917000071
140,4147.966917000071
140,4151.966917000071
140,4155.966917000071
140,4159.966917000071
140,4163.966917000071
140,4167.966917000071
140,4171.966917000071
140,4175.966917000071
140,4179.966917000071
140,4183.966917000071
140,4187.966917000071
140,4191.966917000071
140,4195.966917000071
140,4199.966917000071
140,4203.966917000071
140,4207.966917000071
140,4211.966917000071
140,4215.966917000071
140,4219.966917000071
140,4223.966917000071
140,4227.966917000071
140,4231.966917000071
140,4235.966917000071
140,4239.966917000071
140,4243.966917000071
140,4247.966917000071
140,4251.966917000071
140,4255.966917000071
140,4259.966917000071
140,4263.966917000071
140,4267.966917000071
140,4271.966917000071
140,4275.966917000071
140,4279.966917000071
140,4283.966917000071
140,4287.966917000071
140,4291.966917000071
140,4295.966917000071
140,4299.966917000071
140,4303.966917000071
140,4307.966917000071
140,4311.966917000071
140,4315.966917000071
140,4319.966917000071
140,4323.966917000071
140,4327.966917000071
140,4331.966917000071
139,4335.966917000071
140,4339.966917000071
140,4343.966917000071
140,4347.966917000071
140,4351.966917000071
140,4355.966917000071
140,4359.966917000071
140,4363.966917000071
140,4367.966917000071
140,4371.966917000071
140,4375.966917000071
140,4379.966917000071
140,4383.966917000071
140,4387.966917000071
140,4391.966917000071
140,4395.966917000071
140,4399.966917000071
140,4403.966917000071
140,4407.966917000071
140,4411.966917000071
140,4415.966917000071
140,4419.966917000071
140,4423.966917000071
140,4427.966917000071
140,4431.966917000071
140,4435.966917000071
140,4439.966917000071
140,4443.966917000071
140,4447.966917000071
140,4451.966917000071
140,4455.966917000071
140,4459.966917000071
140,4463.966917000071
140,4467.966917000071
140,4471.966917000071
140,4475.966917000071
140,4479.966917000071
140,4483.966917000071
140,4487.966917000071
140,4491.966917000071
140,4495.966917000071
140,4499.966917000071
140,4503.966917000071
140,4507.966917000071
140,4511.966917000071
140,4515.966917000071
140,4519.966917000071
140,4523.966917000071
140,4527.966917000071
140,4531.966917000071
140,4535.966917000071
140,4539.966917000071
140,4543.966917000071
140,4547.966917000071
140,4551.966917000071
140,4555.966917000071
140,4559.966917000071
140,4563.966917000071
140,4567.966917000071
140,4571.966917000071
140,4575.966917000071
140,4579.966917000071
140,4583.966917000071
140,4587.966917000071
140,4591.966917000071
140,4595.966917000071
140,4599.966917000071
140,4603.966917000071
140,4607.966917000071
140,4611.966917000071
140,4615.966917000071
140,4619.966917000071
140,4623.966917000071
140,4627.966917000071
140,4631.966917000071
140,4635.966917000071
140,4639.966917000071
140,4643.966917000071
140,4647.966917000071
140,4651.966917000071
140,4655.966917000071
140,4659.966917000071
140,4663.966917000071
140,4667.966917000071
140,4671.966917000071
140,4675.966917000071
140,4679.966917000071
140,4683.966917000071
140,4687.966917000071
140,4691.966917000071
140,4695.966917000071
140,4699.966917000071
140,4703.966917000071
140,4707.966917000071
140,4711.966917000071
140,4715.966917000071
140,4719.966917000071
140,4723.966917000071
140,4727.966917000071
140,4731.966917000071
140,4735.966917000071
140,4739.966917000071
140,4743.966917000071
140,4747.966917000071
140,4751.966917000071
140,4755.966917000071
140,4759.966917000071
140,4763.966917000071
140,4767.966917000071
140,4771.966917000071
140,4775.966917000071
140,4779.966917000071
140,4783.966917000071
140,4787.966917000071
140,4791.966917000071
140,4795.966917000071
140,4799.966917000071
140,4803.966917000071
140,4807.966917000071
140,4811.966917000071
140,4815.966917000071
140,4819.966917000071
140,4823.966917000071
140,4827.966917000071
140,4831.966917000071
140,4835.966917000071
140,4839.966917000071
140,4843.966917000071
140,4847.966917000071
140,4851.966917000071
140,4855.966917000071
140,4859.966917000071
140,4863.966917000071
140,4867.966917000071
140,4871.966917000071
140,4875.966917000071
140,4879.966917000071
140,4883.966917000071
140,4887.966917000071
140,4891.966917000071
140,4895.966917000071
140,4899.966917000071
140,4903.966917000071
140,4907.966917000071
140,4911.966917000071
140,4915.966917000071
140,4919.966917000071
140,4923.966917000071
140,4927.966917000071
140,4931.966917000071
140,4935.966917000071
140,4939.966917000071
140,4943.966917000071
140,4947.966917000071
140,4951.966917000071
140,4955.966917000071
140,4959.966917000071
140,4963.966917000071
140,4967.966917000071
140,4971.966917000071
140,4975.966917000071
140,4979.966917000071
140,4983.966917000071
140,4987.966917000071
140,4991.966917000071
140,4995.966917000071
140,4999.966917000071
140,5003.966917000071
140,5007.966917000071
140,5011.966917000071
140,5015.966917000071
140,5019.966917000071
140,5023.966917000071
140,5027.966917000071
140,5031.966917000071
140,5035.966917000071
140,5039.966917000071
140,5043.966917000071
140,5047.966917000071
140,5051.966917000071
140,5055.966917000071
140,5059.966917000071
140,5063.966917000071
140,5067.966917000071
140,5071.966917000071
140,5075.966917000071
140,5079.966917000071
140,5083.966917000071
140,5087.966917000071
140,5091.966917000071
140,5095.966917000071
140,5099.966917000071
140,5103.966917000071
140,5107.966917000071
140,5111.966917000071
140,5115.966917000071
140,5119.966917000071
140,5123.966917000071
140,5127.966917000071
140,5131.966917000071
140,5135.966917000071
140,5139.966917000071
140,5143.966917000071
140,5147.966917000071
140,5151.966917000071
140,5155.966917000071
140,5159.966917000071
140,5163.966917000071
140,5167.966917000071
140,5171.966917000071
140,5175.966917000071
140,5179.966917000071
140,5183.966917000071
140,5187.966917000071
140,5191.966917000071
140,5195.966917000071
140,5199.966917000071
140,5203.966917000071
140,5207.966917000071
140,5211.966917000071
140,5215.966917000071
140,5219.966917000071
140,5223.966917000071
140,5227.966917000071
140,5231.966917000071
140,5235.966917000071
140,5239.966917000071
140,5243.966917000071
140,5247.966917000071
140,5251.966917000071
140,5255.966917000071
140,5259.966917000071
140,5263.966917000071
140,5267.966917000071
140,5271.966917000071
140,5275.966917000071
140,5279.966917000071
140,5283.966917000071
140,5287.966917000071
140,5291.966917000071
140,5295.966917000071
140,5299.966917000071
140,5303.966917000071
140,5307.966917000071
140,5311.966917000071
140,5315.966917000071
140,5319.966917000071
140,5323.966917000071
140,5327.966917000071
140,5331.966917000071
140,5335.966917000071
140,5339.966917000071
140,5343.966917000071
140,5347.966917000071
140,5351.966917000071
140,5355.966917000071
140,5359.966917000071
140,5363.966917000071
140,5367.966917000071
140,5371.966917000071
140,5375.966917000071
140,5379.966917000071
140,5383.966917000071
140,5387.966917000071
140,5391.966917000071
140,5395.966917000071
140,5399.966917000071
140,5403.966917000071
140,5407.966917000071
140,5411.966917000071
140,5415.966917000071
140,5419.966917000071
140,5423.966917000071
140,5427.966917000071
140,5431.966917000071
140,5435.966917000071
140,5439.966917000071
140,5443.966917000071
140,5447.966917000071
140,5451.966917000071
140,5455.966917000071
140,5459.966917000071
140,5463.966917000071
140,5467.966917000071
140,5471.966917000071
140,5475.966917000071
140,5479.966917000071
140,5483.966917000071
140,5487.966917000071
140,5491.966917000071
140,5495.966917000071
140,5499.966917000071
140,5503.966917000071
140,5507.966917000071
140,5511.966917000071
140,5515.966917000071
140,5519.966917000071
140,5523.966917000071
140,5527.966917000071
140,5531.966917000071
140,5535.966917000071
140,5539.966917000071
140,5543.966917000071
140,5547.966917000071
140,5551.966917000071
140,5555.966917000071
140,5559.966917000071
140,5563.966917000071
140,5567.966917000071
140,5571.966917000071
140,5575.966917000071
140,5579.966917000071
140,5583.966917000071
140,5587.966917000071
140,5591.966917000071
140,5595.966917000071
140,5599.966917000071
140,5603.966917000071
140,5607.966917000071
140,5611.966917000071
140,5615.966917000071
140,5619.966917000071
140,5623.966917000071
140,5627.966917000071
140,5631.966917000071
140,5635.966917000071
140,5639.966917000071
140,5643.966917000071
139,5647.966917000071
140,5651.966917000071
140,5655.966917000071
140,5659.966917000071
140,5663.966917000071
140,5667.966917000071
140,5671.966917000071
140,5675.966917000071
140,5679.966917000071
140,5683.966917000071
140,5687.966917000071
140,5691.966917000071
140,5695.966917000071
140,5699.966917000071
140,5703.966917000071
140,5707.966917000071
140,5711.966917000071
140,5715.966917000071
140,5719.966917000071
140,5723.966917000071
140,5727.966917000071
140,5731.966917000071
140,5735.966917000071
140,5739.966917000071
140,5743.966917000071
140,5747.966917000071
140,5751.966917000071
140,5755.966917000071
140,5759.966917000071
140,5763.966917000071
140,5767.966917000071
140,5771.966917000071
140,5775.966917000071
140,5779.966917000071
140,5783.966917000071
140,5787.966917000071
140,5791.966917000071
140,5795.966917000071
140,5799.966917000071
140,5803.966917000071
140,5807.966917000071
140,5811.966917000071
140,5815.966917000071
140,5819.966917000071
140,5823.966917000071
140,5827.966917000071
140,5831.966917000071
140,5835.966917000071
140,5839.966917000071
140,5843.966917000071
140,5847.966917000071
140,5851.966917000071
140,5855.966917000071
140,5859.966917000071
140,5863.966917000071
140,5867.966917000071
140,5871.966917000071
140,5875.966917000071
140,5879.966917000071
140,5883.966917000071
140,5887.966917000071
140,5891.966917000071
140,5895.966917000071
140,5899.966917000071
140,5903.966917000071
140,5907.966917000071
140,5911.966917000071
140,5915.966917000071
140,5919.966917000071
140,5923.966917000071
140,5927.966917000071
140,5931.966917000071
140,5935.966917000071
140,5939.966917000071
140,5943.966917000071
140,5947.966917000071
140,5951.966917000071
140,5955.966917000071
140,5959.966917000071
140,5963.966917000071
140,5967.966917000071
140,5971.966917000071
140,5975.966917000071
140,5979.966917000071
140,5983.966917000071
140,5987.966917000071
140,5991.966917000071
140,5995.966917000071
140,5999.966917000071
140,6003.966917000071
140,6007.966917000071
140,6011.966917000071
140,6015.966917000071
140,6019.966917000071
140,6023.966917000071
140,6027.966917000071
140,6031.966917000071
140,6035.966917000071
140,6039.966917000071
140,6043.966917000071
140,6047.966917000071
140,6051.966917000071
140,6055.966917000071
140,6059.966917000071
140,6063.966917000071
140,6067.966917000071
140,6071.966917000071
140,6075.966917000071
140,6079.966917000071
140,6083.966917000071
140,6087.966917000071
140,6091.966917000071
140,6095.966917000071
140,6099.966917000071
140,6103.966917000071
140,6107.966917000071
140,6111.966917000071
139,6115.966917000071
140,6119.966917000071
140,6123.966917000071
140,6127.966917000071
140,6131.966917000071
140,6135.966917000071
140,6139.966917000071
140,6143.966917000071
140,6147.966917000071
140,6151.966917000071
140,6155.966917000071
140,6159.966917000071
140,6163.966917000071
140,6167.966917000071
140,6171.966917000071
140,6175.966917000071
140,6179.966917000071
140,6183.966917000071
140,6187.966917000071
140,6191.966917000071
140,6195.966917000071
140,6199.966917000071
140,6203.966917000071
140,6207.966917000071
140,6211.966917000071
140,6215.966917000071
140,6219.966917000071
140,6223.966917000071
140,6227.966917000071
140,6231.966917000071
140,6235.966917000071
140,6239.966917000071
140,6243.966917000071
140,6247.966917000071
140,6251.966917000071
140,6255.966917000071
140,6259.966917000071
140,6263.966917000071
140,6267.966917000071
140,6271.966917000071
140,6275.966917000071
140,6279.966917000071
140,6283.966917000071
140,6287.966917000071
140,6291.966917000071
140,6295.966917000071
140,6299.966917000071
140,6303.966917000071
140,6307.966917000071
140,6311.966917000071
140,6315.966917000071
140,6319.966917000071
140,6323.966917000071
140,6327.966917000071
140,6331.966917000071
140,6335.966917000071
140,6339.966917000071
140,6343.966917000071
140,6347.966917000071
140,6351.966917000071
140,6355.966917000071
140,6359.966917000071
140,6363.966917000071
140,6367.966917000071
140,6371.966917000071
140,6375.966917000071
140,6379.966917000071
140,6383.966917000071
140,6387.966917000071
140,6391.966917000071
140,6395.966917000071
140,6399.966917000071
140,6403.966917000071
140,6407.966917000071
140,6411.966917000071
140,6415.966917000071
140,6419.966917000071
140,6423.966917000071
140,6427.966917000071
140,6431.966917000071
140,6435.966917000071
140,6439.966917000071
140,6443.966917000071
140,6447.966917000071
140,6451.966917000071
140,6455.966917000071
140,6459.966917000071
140,6463.966917000071
140,6467.966917000071
140,6471.966917000071
140,6475.966917000071
140,6479.966917000071
140,6483.966917000071
140,6487.966917000071
139,6491.966917000071
140,6495.966917000071
140,6499.966917000071
140,6503.966917000071
140,6507.966917000071
140,6511.966917000071
140,6515.966917000071
140,6519.966917000071
140,6523.966917000071
140,6527.966917000071
140,6531.966917000071
140,6535.966917000071
140,6539.966917000071
140,6543.966917000071
140,6547.966917000071
140,6551.966917000071
140,6555.966917000071
140,6559.966917000071
140,6563.966917000071
140,6567.966917000071
140,6571.966917000071
140,6575.966917000071
140,6579.966917000071
140,6583.966917000071
140,6587.966917000071
140,6591.966917000071
140,6595.966917000071
140,6599.966917000071
140,6603.966917000071
140,6607.966917000071
140,6611.966917000071
140,6615.966917000071
140,6619.966917000071
140,6623.966917000071
140,6627.966917000071
140,6631.966917000071
140,6635.966917000071
140,6639.966917000071
140,6643.966917000071
140,6647.966917000071
140,6651.966917000071
140,6655.966917000071
140,6659.966917000071
140,6663.966917000071
140,6667.966917000071
140,6671.966917000071
140,6675.966917000071
140,6679.966917000071
140,6683.966917000071
140,6687.966917000071
140,6691.966917000071
140,6695.966917000071
140,6699.966917000071
140,6703.966917000071
140,6707.966917000071
140,6711.966917000071
140,6715.966917000071
140,6719.966917000071
140,6723.966917000071
140,6727.966917000071
140,6731.966917000071
140,6735.966917000071
140,6739.966917000071
140,6743.966917000071
140,6747.966917000071
140,6751.966917000071
140,6755.966917000071
140,6759.966917000071
140,6763.966917000071
140,6767.966917000071
140,6771.966917000071
140,6775.966917000071
140,6779.966917000071
140,6783.966917000071
140,6787.966917000071
140,6791.966917000071
140,6795.966917000071
140,6799.966917000071
140,6803.966917000071
140,6807.966917000071
140,6811.966917000071
140,6815.966917000071
140,6819.966917000071
140,6823.966917000071
140,6827.966917000071
140,6831.966917000071
140,6835.966917000071
140,6839.966917000071
140,6843.966917000071
140,6847.966917000071
140,6851.966917000071
140,6855.966917000071
140,6859.966917000071
140,6863.966917000071
140,6867.966917000071
140,6871.966917000071
140,6875.966917000071
140,6879.966917000071
140,6883.966917000071
140,6887.966917000071
140,6891.966917000071
140,6895.966917000071
140,6899.966917000071
140,6903.966917000071
140,6907.966917000071
140,6911.966917000071
140,6915.966917000071
140,6919.966917000071
140,6923.966917000071
140,6927.966917000071
140,6931.966917000071
140,6935.966917000071
140,6939.966917000071
140,6943.966917000071
140,6947.966917000071
140,6951.966917000071
140,6955.966917000071
140,6959.966917000071
140,6963.966917000071
140,6967.966917000071
140,6971.966917000071
140,6975.966917000071
140,6979.966917000071
140,6983.966917000071
140,6987.966917000071
140,6991.966917000071
140,6995.966917000071
140,6999.966917000071
140,7003.966917000071
140,7007.966917000071
140,7011.966917000071
140,7015.966917000071
140,7019.966917000071
140,7023.966917000071
140,7027.966917000071
140,7031.966917000071
140,7035.966917000071
140,7039.966917000071
140,7043.966917000071
140,7047.966917000071
140,7051.966917000071
140,7055.966917000071
140,7059.966917000071
140,7063.966917000071
140,7067.966917000071
140,7071.966917000071
140,7075.966917000071
140,7079.966917000071
140,7083.966917000071
140,7087.966917000071
140,7091.966917000071
140,7095.966917000071
140,7099.966917000071
140,7103.966917000071
140,7107.966917000071
140,7111.966917000071
140,7115.966917000071
140,7119.966917000071
140,7123.966917000071
140,7127.966917000071
140,7131.966917000071
140,7135.966917000071
140,7139.966917000071
140,7143.966917000071
140,7147.966917000071
140,7151.966917000071
140,7155.966917000071
140,7159.966917000071
140,7163.966917000071
140,7167.966917000071
140,7171.966917000071
140,7175.966917000071
140,7179.966917000071
140,7183.966917000071
140,7187.966917000071
140,7191.966917000071
140,7195.966917000071
140,7199.966917000071
140,7203.966917000071
140,7207.966917000071
140,7211.966917000071
140,7215.966917000071
139,7219.966917000071
140,7223.966917000071
140,7227.966917000071
140,7231.966917000071
140,7235.966917000071
140,7239.966917000071
140,7243.966917000071
140,7247.966917000071
140,7251.966917000071
140,7255.966917000071
140,7259.966917000071
140,7263.966917000071
140,7267.966917000071
140,7271.966917000071
140,7275.966917000071
140,7279.966917000071
140,7283.966917000071
140,7287.966917000071
140,7291.966917000071
140,7295.966917000071
140,7299.966917000071
140,7303.966917000071
140,7307.966917000071
140,7311.966917000071
140,7315.966917000071
140,7319.966917000071
140,7323.966917000071
140,7327.966917000071
140,7331.966917000071
140,7335.966917000071
140,7339.966917000071
140,7343.966917000071
140,7347.966917000071
140,7351.966917000071
140,7355.966917000071
140,7359.966917000071
140,7363.966917000071
140,7367.966917000071
140,7371.966917000071
140,7375.966917000071
140,7379.966917000071
140,7383.966917000071
140,7387.966917000071
140,7391.966917000071
140,7395.966917000071
140,7399.966917000071
140,7403.966917000071
140,7407.966917000071
140,7411.966917000071
140,7415.966917000071
140,7419.966917000071
139,7423.966917000071
140,7427.966917000071
140,7431.966917000071
140,7435.966917000071
140,7439.966917000071
140,7443.966917000071
140,7447.966917000071
140,7451.966917000071
140,7455.966917000071
140,7459.966917000071
140,7463.966917000071
140,7467.966917000071
140,7471.966917000071
140,7475.966917000071
140,7479.966917000071
140,7483.966917000071
140,7487.966917000071
140,7491.966917000071
140,7495.966917000071
140,7499.966917000071
140,7503.966917000071
140,7507.966917000071
140,7511.966917000071
140,7515.966917000071
140,7519.966917000071
140,7523.966917000071
140,7527.966917000071
140,7531.966917000071
140,7535.966917000071
140,7539.966917000071
140,7543.966917000071
140,7547.966917000071
140,7551.966917000071
140,7555.966917000071
140,7559.966917000071
140,7563.966917000071
140,7567.966917000071
140,7571.966917000071
140,7575.966917000071
140,7579.966917000071
140,7583.966917000071
140,7587.966917000071
140,7591.966917000071
140,7595.966917000071
140,7599.966917000071
140,7603.966917000071
140,7607.966917000071
140,7611.966917000071
140,7615.966917000071
140,7619.966917000071
140,7623.966917000071
140,7627.966917000071
140,7631.966917000071
140,7635.966917000071
140,7639.966917000071
140,7643.966917000071
140,7647.966917000071
140,7651.966917000071
140,7655.966917000071
140,7659.966917000071
140,7663.966917000071
140,7667.966917000071
140,7671.966917000071
140,7675.966917000071
140,7679.966917000071
140,7683.966917000071
140,7687.966917000071
140,7691.966917000071
140,7695.966917000071
140,7699.966917000071
140,7703.966917000071
140,7707.966917000071
140,7711.966917000071
140,7715.966917000071
140,7719.966917000071
140,7723.966917000071
140,7727.966917000071
140,7731.966917000071
140,7735.966917000071
140,7739.966917000071
140,7743.966917000071
140,7747.966917000071
140,7751.966917000071
140,7755.966917000071
140,7759.966917000071
140,7763.966917000071
140,7767.966917000071
140,7771.966917000071
140,7775.966917000071
140,7779.966917000071
140,7783.966917000071
140,7787.966917000071
140,7791.966917000071
140,7795.966917000071
140,7799.966917000071
140,7803.966917000071
140,7807.966917000071
140,7811.966917000071
140,7815.966917000071
140,7819.966917000071
139,7823.966917000071
140,7827.966917000071
140,7831.966917000071
140,7835.966917000071
140,7839.966917000071
140,7843.966917000071
140,7847.966917000071
140,7851.966917000071
140,7855.966917000071
140,7859.966917000071
140,7863.966917000071
140,7867.966917000071
140,7871.966917000071
140,7875.966917000071
140,7879.966917000071
140,7883.966917000071
140,7887.966917000071
140,7891.966917000071
140,7895.966917000071
140,7899.966917000071
140,7903.966917000071
140,7907.966917000071
140,7911.966917000071
140,7915.966917000071
140,7919.966917000071
140,7923.966917000071
140,7927.966917000071
140,7931.966917000071
140,7935.966917000071
140,7939.966917000071
140,7943.966917000071
140,7947.966917000071
140,7951.966917000071
140,7955.966917000071
140,7959.966917000071
140,7963.966917000071
140,7967.966917000071
140,7971.966917000071
140,7975.966917000071
140,7979.966917000071
140,7983.966917000071
140,7987.966917000071
140,7991.966917000071
140,7995.966917000071
140,7999.966917000071
140,8003.966917000071
140,8007.966917000071
140,8011.966917000071
140,8015.966917000071
140,8019.966917000071
140,8023.966917000071
140,8027.966917000071
140,8031.966917000071
140,8035.966917000071
140,8039.966917000071
140,8043.966917000071
140,8047.966917000071
140,8051.966917000071
140,8055.966917000071
140,8059.966917000071
140,8063.966917000071
140,8067.966917000071
140,8071.966917000071
140,8075.966917000071
140,8079.966917000071
140,8083.966917000071
140,8087.966917000071
140,8091.966917000071
140,8095.966917000071
140,8099.966917000071
140,8103.966917000071
140,8107.966917000071
140,8111.966917000071
140,8115.966917000071
140,8119.966917000071
140,8123.966917000071
140,8127.966917000071
140,8131.966917000071
140,8135.966917000071
140,8139.966917000071
140,8143.966917000071
140,8147.966917000071
140,8151.966917000071
140,8155.966917000071
140,8159.966917000071
140,8163.966917000071
140,8167.966917000071
140,8171.966917000071
140,8175.966917000071
140,8179.966917000071
140,8183.966917000071
140,8187.966917000071
140,8191.966917000071
140,8195.96691700007
140,8199.96691700007
140,8203.96691700007
140,8207.96691700007
140,8211.96691700007
140,8215.96691700007
140,8219.96691700007
140,8223.96691700007
140,8227.96691700007
140,8231.96691700007
140,8235.96691700007
140,8239.96691700007
140,8243.96691700007
140,8247.96691700007
140,8251.96691700007
140,8255.96691700007
140,8259.96691700007
140,8263.96691700007
140,8267.96691700007
140,8271.96691700007
140,8275.96691700007
139,8279.96691700007
140,8283.96691700007
140,8287.96691700007
140,8291.96691700007
140,8295.96691700007
140,8299.96691700007
140,8303.96691700007
140,8307.96691700007
140,8311.96691700007
140,8315.96691700007
140,8319.96691700007
140,8323.96691700007
140,8327.96691700007
140,8331.96691700007
140,8335.96691700007
140,8339.96691700007
140,8343.96691700007
140,8347.96691700007
140,8351.96691700007
140,8355.96691700007
140,8359.96691700007
140,8363.96691700007
140,8367.96691700007
140,8371.96691700007
140,8375.96691700007
140,8379.96691700007
140,8383.96691700007
140,8387.96691700007
140,8391.96691700007
140,8395.96691700007
140,8399.96691700007
140,8403.96691700007
140,8407.96691700007
140,8411.96691700007
140,8415.96691700007
140,8419.96691700007
140,8423.96691700007
140,8427.96691700007
140,8431.96691700007
140,8435.96691700007
140,8439.96691700007
140,8443.96691700007
140,8447.96691700007
140,8451.96691700007
140,8455.96691700007
140,8459.96691700007
140,8463.96691700007
140,8467.96691700007
140,8471.96691700007
140,8475.96691700007
140,8479.96691700007
140,8483.96691700007
140,8487.96691700007
140,8491.96691700007
140,8495.96691700007
140,8499.96691700007
140,8503.96691700007
140,8507.96691700007
140,8511.96691700007
140,8515.96691700007
140,8519.96691700007
140,8523.96691700007
140,8527.96691700007
140,8531.96691700007
140,8535.96691700007
140,8539.96691700007
140,8543.96691700007
140,8547.96691700007
140,8551.96691700007
140,8555.96691700007
140,8559.96691700007
140,8563.96691700007
140,8567.96691700007
140,8571.96691700007
140,8575.96691700007
140,8579.96691700007
140,8583.96691700007
140,8587.96691700007
140,8591.96691700007
140,8595.96691700007
140,8599.96691700007
140,8603.96691700007
140,8607.96691700007
140,8611.96691700007
140,8615.96691700007
140,8619.96691700007
140,8623.96691700007
140,8627.96691700007
140,8631.96691700007
140,8635.96691700007
140,8639.96691700007
140,8643.96691700007
140,8647.96691700007
140,8651.96691700007
140,8655.96691700007
140,8659.96691700007
140,8663.96691700007
140,8667.96691700007
140,8671.96691700007
140,8675.96691700007
140,8679.96691700007
140,8683.96691700007
140,8687.96691700007
140,8691.96691700007
140,8695.96691700007
140,8699.96691700007
140,8703.96691700007
140,8707.96691700007
140,8711.96691700007
140,8715.96691700007
140,8719.96691700007
140,8723.96691700007
140,8727.96691700007
140,8731.96691700007
140,8735.96691700007
140,8739.96691700007
140,8743.96691700007
140,8747.96691700007
140,8751.96691700007
140,8755.96691700007
140,8759.96691700007
140,8763.96691700007
140,8767.96691700007
140,8771.96691700007
140,8775.96691700007
140,8779.96691700007
140,8783.96691700007
140,8787.96691700007
140,8791.96691700007
140,8795.96691700007
140,8799.96691700007
140,8803.96691700007
140,8807.96691700007
140,8811.96691700007
140,8815.96691700007
140,8819.96691700007
140,8823.96691700007
140,8827.96691700007
140,8831.96691700007
140,8835.96691700007
140,8839.96691700007
140,8843.96691700007
140,8847.96691700007
140,8851.96691700007
140,8855.96691700007
140,8859.96691700007
140,8863.96691700007
140,8867.96691700007
140,8871.96691700007
140,8875.96691700007
140,8879.96691700007
140,8883.96691700007
140,8887.96691700007
140,8891.96691700007
140,8895.96691700007
140,8899.96691700007
140,8903.96691700007
140,8907.96691700007
140,8911.96691700007
140,8915.96691700007
140,8919.96691700007
140,8923.96691700007
140,8927.96691700007
140,8931.96691700007
140,8935.96691700007
140,8939.96691700007
140,8943.96691700007
140,8947.96691700007
140,8951.96691700007
140,8955.96691700007
140,8959.96691700007
140,8963.96691700007
140,8967.96691700007
140,8971.96691700007
140,8975.96691700007
140,8979.96691700007
140,8983.96691700007
140,8987.96691700007
140,8991.96691700007
140,8995.96691700007
140,8999.96691700007
140,9003.96691700007
140,9007.96691700007
140,9011.96691700007
140,9015.96691700007
140,9019.96691700007
140,9023.96691700007
140,9027.96691700007
140,9031.96691700007
140,9035.96691700007
140,9039.96691700007
140,9043.96691700007
140,9047.96691700007
140,9051.96691700007
140,9055.96691700007
140,9059.96691700007
140,9063.96691700007
140,9067.96691700007
140,9071.96691700007
140,9075.96691700007
140,9079.96691700007
140,9083.96691700007
140,9087.96691700007
140,9091.96691700007
140,9095.96691700007
140,9099.96691700007
140,9103.96691700007
140,9107.96691700007
140,9111.96691700007
140,9115.96691700007
140,9119.96691700007
140,9123.96691700007
140,9127.96691700007
140,9131.96691700007
140,9135.96691700007
140,9139.96691700007
140,9143.96691700007
140,9147.96691700007
140,9151.96691700007
140,9155.96691700007
140,9159.96691700007
140,9163.96691700007
140,9167.96691700007
140,9171.96691700007
140,9175.96691700007
140,9179.96691700007
140,9183.96691700007
140,9187.96691700007
140,9191.96691700007
140,9195.96691700007
140,9199.96691700007
140,9203.96691700007
140,9207.96691700007
140,9211.96691700007
140,9215.96691700007
140,9219.96691700007
140,9223.96691700007
140,9227.96691700007
140,9231.96691700007
140,9235.96691700007
140,9239.96691700007
140,9243.96691700007
140,9247.96691700007
140,9251.96691700007
140,9255.96691700007
140,9259.96691700007
140,9263.96691700007
140,9267.96691700007
140,9271.96691700007
140,9275.96691700007
140,9279.96691700007
140,9283.96691700007
140,9287.96691700007
140,9291.96691700007
140,9295.96691700007
140,9299.96691700007
140,9303.96691700007
140,9307.96691700007
140,9311.96691700007
140,9315.96691700007
140,9319.96691700007
140,9323.96691700007
140,9327.96691700007
140,9331.96691700007
140,9335.96691700007
140,9339.96691700007
140,9343.96691700007
140,9347.96691700007
140,9351.96691700007
140,9355.96691700007
140,9359.96691700007
140,9363.96691700007
140,9367.96691700007
140,9371.96691700007
140,9375.96691700007
140,9379.96691700007
140,9383.96691700007
140,9387.96691700007
140,9391.96691700007
140,9395.96691700007
140,9399.96691700007
140,9403.96691700007
140,9407.96691700007
140,9411.96691700007
140,9415.96691700007
140,9419.96691700007
140,9423.96691700007
140,9427.96691700007
140,9431.96691700007
140,9435.96691700007
140,9439.96691700007
140,9443.96691700007
140,9447.96691700007
140,9451.96691700007
140,9455.96691700007
140,9459.96691700007
140,9463.96691700007
140,9467.96691700007
140,9471.96691700007
140,9475.96691700007
140,9479.96691700007
140,9483.96691700007
140,9487.96691700007
140,9491.96691700007
140,9495.96691700007
140,9499.96691700007
140,9503.96691700007
140,9507.96691700007
140,9511.96691700007
140,9515.96691700007
140,9519.96691700007
139,9523.96691700007
140,9527.96691700007
140,9531.96691700007
140,9535.96691700007
140,9539.96691700007
140,9543.96691700007
140,9547.96691700007
140,9551.96691700007
140,9555.96691700007
140,9559.96691700007
140,9563.96691700007
140,9567.96691700007
140,9571.96691700007
140,9575.96691700007
140,9579.96691700007
140,9583.96691700007
140,9587.96691700007
140,9591.96691700007
140,9595.96691700007
140,9599.96691700007
140,9603.96691700007
140,9607.96691700007
140,9611.96691700007
140,9615.96691700007
140,9619.96691700007
140,9623.96691700007
140,9627.96691700007
140,9631.96691700007
140,9635.96691700007
140,9639.96691700007
140,9643.96691700007
140,9647.96691700007
140,9651.96691700007
140,9655.96691700007
140,9659.96691700007
140,9663.96691700007
140,9667.96691700007
140,9671.96691700007
140,9675.96691700007
140,9679.96691700007
140,9683.96691700007
140,9687.96691700007
140,9691.96691700007
140,9695.96691700007
140,9699.96691700007
140,9703.96691700007
140,9707.96691700007
140,9711.96691700007
140,9715.96691700007
140,9719.96691700007
140,9723.96691700007
140,9727.96691700007
140,9731.96691700007
140,9735.96691700007
140,9739.96691700007
140,9743.96691700007
140,9747.96691700007
140,9751.96691700007
140,9755.96691700007
140,9759.96691700007
140,9763.96691700007
140,9767.96691700007
140,9771.96691700007
140,9775.96691700007
140,9779.96691700007
140,9783.96691700007
140,9787.96691700007
140,9791.96691700007
140,9795.96691700007
140,9799.96691700007
140,9803.96691700007
140,9807.96691700007
140,9811.96691700007
140,9815.96691700007
140,9819.96691700007
140,9823.96691700007
140,9827.96691700007
140,9831.96691700007
140,9835.96691700007
140,9839.96691700007
140,9843.96691700007
140,9847.96691700007
140,9851.96691700007
140,9855.96691700007
140,9859.96691700007
140,9863.96691700007
140,9867.96691700007
140,9871.96691700007
140,9875.96691700007
140,9879.96691700007
140,9883.96691700007
140,9887.96691700007
140,9891.96691700007
140,9895.96691700007
140,9899.96691700007
140,9903.96691700007
140,9907.96691700007
140,9911.96691700007
140,9915.96691700007
140,9919.96691700007
140,9923.96691700007
140,9927.96691700007
140,9931.96691700007
140,9935.96691700007
140,9939.96691700007
140,9943.96691700007
140,9947.96691700007
140,9951.96691700007
140,9955.96691700007
140,9959.96691700007
140,9963.96691700007
140,9967.96691700007
140,9971.96691700007
140,9975.96691700007
140,9979.96691700007
140,9983.96691700007
140,9987.96691700007
140,9991.96691700007
140,9995.96691700007
140,9999.96691700007
140,10003.96691700007
140,10007.96691700007
140,10011.96691700007
140,10015.96691700007
140,10019.96691700007
140,10023.96691700007
140,10027.96691700007
140,10031.96691700007
140,10035.96691700007
140,10039.96691700007
140,10043.96691700007
140,10047.96691700007
140,10051.96691700007
140,10055.96691700007
140,10059.96691700007
140,10063.96691700007
140,10067.96691700007
140,10071.96691700007
140,10075.96691700007
140,10079.96691700007
140,10083.96691700007
140,10087.96691700007
140,10091.96691700007
140,10095.96691700007
140,10099.96691700007
140,10103.96691700007
140,10107.96691700007
140,10111.96691700007
140,10115.96691700007
140,10119.96691700007
140,10123.96691700007
140,10127.96691700007
140,10131.96691700007
140,10135.96691700007
140,10139.96691700007
140,10143.96691700007
140,10147.96691700007
140,10151.96691700007
140,10155.96691700007
140,10159.96691700007
140,10163.96691700007
140,10167.96691700007
140,10171.96691700007
140,10175.96691700007
140,10179.96691700007
140,10183.96691700007
140,10187.96691700007
140,10191.96691700007
140,10195.96691700007
140,10199.96691700007
140,10203.96691700007
140,10207.96691700007
140,10211.96691700007
140,10215.96691700007
140,10219.96691700007
140,10223.96691700007
140,10227.96691700007
140,10231.96691700007
140,10235.96691700007
140,10239.96691700007
140,10243.96691700007
140,10247.96691700007
140,10251.96691700007
140,10255.96691700007
140,10259.96691700007
140,10263.96691700007
140,10267.96691700007
140,10271.96691700007
140,10275.96691700007
140,10279.96691700007
140,10283.96691700007
140,10287.96691700007
140,10291.96691700007
140,10295.96691700007
140,10299.96691700007
140,10303.96691700007
140,10307.96691700007
140,10311.96691700007
140,10315.96691700007
140,10319.96691700007
140,10323.96691700007
140,10327.96691700007
140,10331.96691700007
140,10335.96691700007
140,10339.96691700007
140,10343.96691700007
140,10347.96691700007
140,10351.96691700007
140,10355.96691700007
140,10359.96691700007
140,10363.96691700007
140,10367.96691700007
140,10371.96691700007
140,10375.96691700007
140,10379.96691700007
140,10383.96691700007
140,10387.96691700007
140,10391.96691700007
140,10395.96691700007
140,10399.96691700007
140,10403.96691700007
140,10407.96691700007
140,10411.96691700007
140,10415.96691700007
140,10419.96691700007
140,10423.96691700007
140,10427.96691700007
140,10431.96691700007
140,10435.96691700007
140,10439.96691700007
140,10443.96691700007
140,10447.96691700007
140,10451.96691700007
140,10455.96691700007
140,10459.96691700007
140,10463.96691700007
140,10467.96691700007
140,10471.96691700007
140,10475.96691700007
140,10479.96691700007
140,10483.96691700007
140,10487.96691700007
140,10491.96691700007
140,10495.96691700007
140,10499.96691700007
140,10503.96691700007
140,10507.96691700007
140,10511.96691700007
140,10515.96691700007
140,10519.96691700007
140,10523.96691700007
140,10527.96691700007
140,10531.96691700007
140,10535.96691700007
140,10539.96691700007
140,10543.96691700007
140,10547.96691700007
140,10551.96691700007
140,10555.96691700007
140,10559.96691700007
140,10563.96691700007
140,10567.96691700007
140,10571.96691700007
140,10575.96691700007
140,10579.96691700007
140,10583.96691700007
140,10587.96691700007
140,10591.96691700007
140,10595.96691700007
140,10599.96691700007
140,10603.96691700007
140,10607.96691700007
140,10611.96691700007
140,10615.96691700007
140,10619.96691700007
140,10623.96691700007
140,10627.96691700007
140,10631.96691700007
140,10635.96691700007
140,10639.96691700007
140,10643.96691700007
140,10647.96691700007
140,10651.96691700007
140,10655.96691700007
140,10659.96691700007
140,10663.96691700007
140,10667.96691700007
140,10671.96691700007
140,10675.96691700007
140,10679.96691700007
140,10683.96691700007
140,10687.96691700007
140,10691.96691700007
140,10695.96691700007
140,10699.96691700007
140,10703.96691700007
140,10707.96691700007
140,10711.96691700007
140,10715.96691700007
140,10719.96691700007
140,10723.96691700007
140,10727.96691700007
140,10731.96691700007
140,10735.96691700007
140,10739.96691700007
140,10743.96691700007
140,10747.96691700007
140,10751.96691700007
140,10755.96691700007
140,10759.96691700007
140,10763.96691700007
140,10767.96691700007
140,10771.96691700007
140,10775.96691700007
140,10779.96691700007
140,10783.96691700007
140,10787.96691700007
140,10791.96691700007
140,10795.96691700007
140,10799.96691700007
140,10803.96691700007
140,10807.96691700007
140,10811.96691700007
140,10815.96691700007
140,10819.96691700007
140,10823.96691700007
140,10827.96691700007
140,10831.96691700007
140,10835.96691700007
140,10839.96691700007
140,10843.96691700007
140,10847.96691700007
140,10851.96691700007
140,10855.96691700007
140,10859.96691700007
140,10863.96691700007
140,10867.96691700007
140,10871.96691700007
140,10875.96691700007
140,10879.96691700007
140,10883.96691700007
140,10887.96691700007
140,10891.96691700007
140,10895.96691700007
140,10899.96691700007
140,10903.96691700007
140,10907.96691700007
140,10911.96691700007
140,10915.96691700007
140,10919.96691700007
140,10923.96691700007
140,10927.96691700007
140,10931.96691700007
140,10935.96691700007
140,10939.96691700007
140,10943.96691700007
140,10947.96691700007
140,10951.96691700007
140,10955.96691700007
140,10959.96691700007
140,10963.96691700007
140,10967.96691700007
141,10971.96691700007
141,10975.96691700007
141,10979.96691700007
141,10983.96691700007
141,10987.96691700007
141,10991.96691700007
141,10995.96691700007
141,10999.96691700007
141,11003.96691700007
141,11007.96691700007
141,11011.96691700007
141,11015.96691700007
141,11019.96691700007
141,11023.96691700007
141,11027.96691700007
141,11031.96691700007
141,11035.96691700007
141,11039.96691700007
141,11043.96691700007
141,11047.96691700007
141,11051.96691700007
141,11055.96691700007
141,11059.96691700007
141,11063.96691700007
141,11067.96691700007
141,11071.96691700007
141,11075.96691700007
141,11079.96691700007
141,11083.96691700007
141,11087.96691700007
141,11091.96691700007
141,11095.96691700007
141,11099.96691700007
141,11103.96691700007
141,11107.96691700007
141,11111.96691700007
141,11115.96691700007
141,11119.96691700007
141,11123.96691700007
141,11127.96691700007
141,11131.96691700007
141,11135.96691700007
141,11139.96691700007
141,11143.96691700007
141,11147.96691700007
141,11151.96691700007
141,11155.96691700007
141,11159.96691700007
141,11163.96691700007
141,11167.96691700007
141,11171.96691700007
141,11175.96691700007
141,11179.96691700007
141,11183.96691700007
141,11187.96691700007
141,11191.96691700007
141,11195.96691700007
141,11199.96691700007
141,11203.96691700007
141,11207.96691700007
