-5.60837500006528,7494.391624999935
value,time
0,3.966166999816778
0,7.966166999816778
0,11.966166999816778
0,15.966166999816778
0,19.966166999816778
0,23.966166999816778
0,27.966166999816778
0,31.966166999816778
0,35.96616699981678
0,39.96616699981678
0,43.96616699981678
0,47.96616699981678
0,51.96616699981678
0,55.96616699981678
0,59.96616699981678
0,63.96616699981678
0,67.96616699981678
0,71.96616699981678
0,75.96616699981678
0,79.96616699981678
0,83.96616699981678
0,87.96616699981678
0,91.96616699981678
0,95.96616699981678
0,99.96616699981678
0,103.96616699981678
0,107.96616699981678
0,111.96616699981678
0,115.96616699981678
0,119.96616699981678
0,123.96616699981678
0,127.96616699981678
0,131.96616699981678
0,135.96616699981678
0,139.96616699981678
0,143.96616699981678
0,147.96616699981678
0,151.96616699981678
0,155.96616699981678
0,159.96616699981678
0,163.96616699981678
0,167.96616699981678
0,171.96616699981678
0,175.96616699981678
0,179.96616699981678
0,183.96616699981678
0,187.96616699981678
0,191.96616699981678
0,195.96616699981678
0,199.96616699981678
0,203.96616699981678
0,207.96616699981678
0,211.96616699981678
0,215.96616699981678
0,219.96616699981678
0,223.96616699981678
0,227.96616699981678
0,231.96616699981678
0,235.96616699981678
0,239.96616699981678
0,243.96616699981678
0,247.96616699981678
0,251.96616699981678
0,255.96616699981678
0,259.9661669998168
0,263.9661669998168
0,267.9661669998168
0,271.9661669998168
0,275.9661669998168
0,279.9661669998168
0,283.9661669998168
0,287.9661669998168
0,291.9661669998168
0,295.9661669998168
0,299.9661669998168
0,303.9661669998168
0,307.9661669998168
0,311.9661669998168
0,315.9661669998168
0,319.9661669998168
0,323.9661669998168
0,327.9661669998168
0,331.9661669998168
0,335.9661669998168
0,339.9661669998168
0,343.9661669998168
0,347.9661669998168
0,351.9661669998168
0,355.9661669998168
0,359.9661669998168
0,363.9661669998168
0,367.9661669998168
0,371.9661669998168
0,375.9661669998168
0,379.9661669998168
0,383.9661669998168
0,387.9661669998168
0,391.9661669998168
0,395.9661669998168
0,399.9661669998168
0,403.9661669998168
0,407.9661669998168
0,411.9661669998168
0,415.9661669998168
0,419.9661669998168
0,423.9661669998168
0,427.9661669998168
0,431.9661669998168
0,435.9661669998168
0,439.9661669998168
0,443.9661669998168
0,447.9661669998168
0,451.9661669998168
0,455.9661669998168
0,459.9661669998168
0,463.9661669998168
0,467.9661669998168
0,471.9661669998168
0,475.9661669998168
0,479.9661669998168
0,483.9661669998168
0,487.9661669998168
0,491.9661669998168
0,495.9661669998168
0,499.9661669998168
0,503.9661669998168
0,507.9661669998168
0,511.9661669998168
0,515.9661669998168
0,519.9661669998168
0,523.9661669998168
0,527.9661669998168
0,531.9661669998168
0,535.9661669998168
0,539.9661669998168
0,543.9661669998168
0,547.9661669998168
0,551.9661669998168
0,555.9661669998168
0,559.9661669998168
0,563.9661669998168
0,567.9661669998168
0,571.9661669998168
0,575.9661669998168
0,579.9661669998168
0,583.9661669998168
0,587.9661669998168
0,591.9661669998168
0,595.9661669998168
0,599.9661669998168
0,603.9661669998168
0,607.9661669998168
0,611.9661669998168
0,615.9661669998168
0,619.9661669998168
0,623.9661669998168
0,627.9661669998168
0,631.9661669998168
0,635.9661669998168
0,639.9661669998168
0,643.9661669998168
0,647.9661669998168
0,651.9661669998168
0,655.9661669998168
0,659.9661669998168
0,663.9661669998168
0,667.9661669998168
0,671.9661669998168
0,675.9661669998168
0,679.9661669998168
0,683.9661669998168
0,687.9661669998168
0,691.9661669998168
0,695.9661669998168
0,699.9661669998168
0,703.9661669998168
0,707.9661669998168
0,711.9661669998168
0,715.9661669998168
0,719.9661669998168
0,723.9661669998168
0,727.9661669998168
0,731.9661669998168
0,735.9661669998168
0,739.9661669998168
0,743.9661669998168
0,747.9661669998168
0,751.9661669998168
0,755.9661669998168
0,759.9661669998168
0,763.9661669998168
0,767.9661669998168
0,771.9661669998168
0,775.9661669998168
0,779.9661669998168
0,783.9661669998168
0,787.9661669998168
0,791.9661669998168
0,795.9661669998168
0,799.9661669998168
0,803.9661669998168
0,807.9661669998168
0,811.9661669998168
0,815.9661669998168
0,819.9661669998168
0,823.9661669998168
0,827.9661669998168
0,831.9661669998168
0,835.9661669998168
0,839.9661669998168
0,843.9661669998168
0,847.9661669998168
0,851.9661669998168
0,855.9661669998168
0,859.9661669998168
0,863.9661669998168
0,867.9661669998168
0,871.9661669998168
0,875.9661669998168
0,879.9661669998168
0,883.9661669998168
0,887.9661669998168
0,891.9661669998168
0,895.9661669998168
0,899.9661669998168
0,903.9661669998168
0,907.9661669998168
0,911.9661669998168
0,915.9661669998168
0,919.9661669998168
0,923.9661669998168
0,927.9661669998168
0,931.9661669998168
0,935.9661669998168
0,939.9661669998168
0,943.9661669998168
0,947.9661669998168
0,951.9661669998168
0,955.9661669998168
0,959.9661669998168
0,963.9661669998168
0,967.9661669998168
0,971.9661669998168
0,975.9661669998168
0,979.9661669998168
0,983.9661669998168
0,987.9661669998168
0,991.9661669998168
0,995.9661669998168
0,999.9661669998168
0,1003.9661669998168
0,1007.9661669998168
0,1011.9661669998168
0,1015.9661669998168
0,1019.9661669998168
0,1023.9661669998168
0,1027.9661669998168
0,1031.9661669998168
0,1035.9661669998168
0,1039.9661669998168
0,1043.9661669998168
0,1047.9661669998168
0,1051.9661669998168
0,1055.9661669998168
0,1059.9661669998168
0,1063.9661669998168
0,1067.9661669998168
0,1071.9661669998168
0,1075.9661669998168
0,1079.9661669998168
0,1083.9661669998168
0,1087.9661669998168
0,1091.9661669998168
0,1095.9661669998168
0,1099.9661669998168
0,1103.9661669998168
0,1107.9661669998168
0,1111.9661669998168
0,1115.9661669998168
0,1119.9661669998168
0,1123.9661669998168
0,1127.9661669998168
0,1131.9661669998168
2,1135.9661669998168
3,1139.9661669998168
4,1143.9661669998168
5,1147.9661669998168
6,1151.9661669998168
6,1155.9661669998168
6,1159.9661669998168
6,1163.9661669998168
6,1167.9661669998168
7,1171.9661669998168
7,1175.9661669998168
6,1179.9661669998168
7,1183.9661669998168
7,1187.9661669998168
7,1191.9661669998168
7,1195.9661669998168
6,1199.9661669998168
7,1203.9661669998168
7,1207.9661669998168
6,1211.9661669998168
7,1215.9661669998168
8,1219.9661669998168
9,1223.9661669998168
11,1227.9661669998168
12,1231.9661669998168
13,1235.9661669998168
14,1239.9661669998168
16,1243.9661669998168
18,1247.9661669998168
19,1251.9661669998168
21,1255.9661669998168
22,1259.9661669998168
24,1263.9661669998168
25,1267.9661669998168
26,1271.9661669998168
28,1275.9661669998168
28,1279.9661669998168
29,1283.9661669998168
29,1287.9661669998168
29,1291.9661669998168
30,1295.9661669998168
29,1299.9661669998168
29,1303.9661669998168
30,1307.9661669998168
30,1311.9661669998168
29,1315.9661669998168
30,1319.9661669998168
30,1323.9661669998168
30,1327.9661669998168
30,1331.9661669998168
30,1335.9661669998168
30,1339.9661669998168
30,1343.9661669998168
30,1347.9661669998168
30,1351.9661669998168
30,1355.9661669998168
29,1359.9661669998168
29,1363.9661669998168
29,1367.9661669998168
30,1371.9661669998168
29,1375.9661669998168
29,1379.9661669998168
29,1383.9661669998168
29,1387.9661669998168
29,1391.9661669998168
29,1395.9661669998168
29,1399.9661669998168
29,1403.9661669998168
29,1407.9661669998168
28,1411.9661669998168
28,1415.9661669998168
27,1419.9661669998168
26,1423.9661669998168
26,1427.9661669998168
25,1431.9661669998168
24,1435.9661669998168
24,1439.9661669998168
24,1443.9661669998168
23,1447.9661669998168
23,1451.9661669998168
23,1455.9661669998168
23,1459.9661669998168
23,1463.9661669998168
23,1467.9661669998168
23,1471.9661669998168
23,1475.9661669998168
23,1479.9661669998168
23,1483.9661669998168
23,1487.9661669998168
23,1491.9661669998168
23,1495.9661669998168
23,1499.9661669998168
23,1503.9661669998168
23,1507.9661669998168
23,1511.9661669998168
23,1515.9661669998168
23,1519.9661669998168
23,1523.9661669998168
23,1527.9661669998168
23,1531.9661669998168
23,1535.9661669998168
23,1539.9661669998168
23,1543.9661669998168
23,1547.9661669998168
23,1551.9661669998168
23,1555.9661669998168
23,1559.9661669998168
23,1563.9661669998168
23,1567.9661669998168
23,1571.9661669998168
23,1575.9661669998168
23,1579.9661669998168
23,1583.9661669998168
23,1587.9661669998168
23,1591.9661669998168
23,1595.9661669998168
23,1599.9661669998168
23,1603.9661669998168
23,1607.9661669998168
23,1611.9661669998168
23,1615.9661669998168
23,1619.9661669998168
23,1623.9661669998168
23,1627.9661669998168
23,1631.9661669998168
23,1635.9661669998168
23,1639.9661669998168
23,1643.9661669998168
23,1647.9661669998168
23,1651.9661669998168
23,1655.9661669998168
23,1659.9661669998168
23,1663.9661669998168
23,1667.9661669998168
23,1671.9661669998168
23,1675.9661669998168
23,1679.9661669998168
23,1683.9661669998168
23,1687.9661669998168
23,1691.9661669998168
23,1695.9661669998168
23,1699.9661669998168
23,1703.9661669998168
23,1707.9661669998168
23,1711.9661669998168
23,1715.9661669998168
23,1719.9661669998168
23,1723.9661669998168
23,1727.9661669998168
23,1731.9661669998168
23,1735.9661669998168
23,1739.9661669998168
23,1743.9661669998168
23,1747.9661669998168
23,1751.9661669998168
23,1755.9661669998168
23,1759.9661669998168
23,1763.9661669998168
23,1767.9661669998168
23,1771.9661669998168
23,1775.9661669998168
23,1779.9661669998168
23,1783.9661669998168
23,1787.9661669998168
23,1791.9661669998168
23,1795.9661669998168
23,1799.9661669998168
23,1803.9661669998168
23,1807.9661669998168
23,1811.9661669998168
23,1815.9661669998168
23,1819.9661669998168
23,1823.9661669998168
23,1827.9661669998168
23,1831.9661669998168
23,1835.9661669998168
23,1839.9661669998168
23,1843.9661669998168
23,1847.9661669998168
23,1851.9661669998168
23,1855.9661669998168
23,1859.9661669998168
23,1863.9661669998168
23,1867.9661669998168
23,1871.9661669998168
23,1875.9661669998168
23,1879.9661669998168
23,1883.9661669998168
23,1887.9661669998168
23,1891.9661669998168
23,1895.9661669998168
23,1899.9661669998168
23,1903.9661669998168
23,1907.9661669998168
23,1911.9661669998168
23,1915.9661669998168
23,1919.9661669998168
23,1923.9661669998168
23,1927.9661669998168
23,1931.9661669998168
23,1935.9661669998168
23,1939.9661669998168
23,1943.9661669998168
23,1947.9661669998168
23,1951.9661669998168
23,1955.9661669998168
23,1959.9661669998168
23,1963.9661669998168
23,1967.9661669998168
23,1971.9661669998168
23,1975.9661669998168
23,1979.9661669998168
23,1983.9661669998168
23,1987.9661669998168
24,1991.9661669998168
24,1995.9661669998168
24,1999.9661669998168
24,2003.9661669998168
25,2007.9661669998168
25,2011.9661669998168
25,2015.9661669998168
25,2019.9661669998168
25,2023.9661669998168
25,2027.9661669998168
25,2031.9661669998168
26,2035.9661669998168
26,2039.9661669998168
26,2043.9661669998168
26,2047.9661669998168
27,2051.966166999817
27,2055.966166999817
27,2059.966166999817
27,2063.966166999817
27,2067.966166999817
27,2071.966166999817
27,2075.966166999817
28,2079.966166999817
28,2083.966166999817
28,2087.966166999817
28,2091.966166999817
28,2095.966166999817
28,2099.966166999817
28,2103.966166999817
28,2107.966166999817
28,2111.966166999817
28,2115.966166999817
28,2119.966166999817
28,2123.966166999817
28,2127.966166999817
28,2131.966166999817
28,2135.966166999817
28,2139.966166999817
28,2143.966166999817
28,2147.966166999817
28,2151.966166999817
28,2155.966166999817
28,2159.966166999817
28,2163.966166999817
28,2167.966166999817
28,2171.966166999817
28,2175.966166999817
28,2179.966166999817
28,2183.966166999817
28,2187.966166999817
28,2191.966166999817
28,2195.966166999817
28,2199.966166999817
28,2203.966166999817
28,2207.966166999817
28,2211.966166999817
28,2215.966166999817
28,2219.966166999817
28,2223.966166999817
28,2227.966166999817
28,2231.966166999817
28,2235.966166999817
28,2239.966166999817
28,2243.966166999817
28,2247.966166999817
28,2251.966166999817
28,2255.966166999817
28,2259.966166999817
28,2263.966166999817
28,2267.966166999817
28,2271.966166999817
28,2275.966166999817
28,2279.966166999817
28,2283.966166999817
28,2287.966166999817
28,2291.966166999817
28,2295.966166999817
28,2299.966166999817
28,2303.966166999817
28,2307.966166999817
28,2311.966166999817
28,2315.966166999817
28,2319.966166999817
28,2323.966166999817
28,2327.966166999817
28,2331.966166999817
28,2335.966166999817
28,2339.966166999817
28,2343.966166999817
28,2347.966166999817
28,2351.966166999817
28,2355.966166999817
28,2359.966166999817
28,2363.966166999817
28,2367.966166999817
28,2371.966166999817
28,2375.966166999817
28,2379.966166999817
28,2383.966166999817
28,2387.966166999817
28,2391.966166999817
28,2395.966166999817
28,2399.966166999817
28,2403.966166999817
28,2407.966166999817
29,2411.966166999817
29,2415.966166999817
29,2419.966166999817
29,2423.966166999817
29,2427.966166999817
29,2431.966166999817
29,2435.966166999817
29,2439.966166999817
29,2443.966166999817
29,2447.966166999817
29,2451.966166999817
29,2455.966166999817
29,2459.966166999817
29,2463.966166999817
29,2467.966166999817
29,2471.966166999817
29,2475.966166999817
29,2479.966166999817
29,2483.966166999817
29,2487.966166999817
29,2491.966166999817
29,2495.966166999817
29,2499.966166999817
29,2503.966166999817
29,2507.966166999817
29,2511.966166999817
29,2515.966166999817
29,2519.966166999817
29,2523.966166999817
29,2527.966166999817
29,2531.966166999817
29,2535.966166999817
29,2539.966166999817
29,2543.966166999817
29,2547.966166999817
29,2551.966166999817
29,2555.966166999817
29,2559.966166999817
29,2563.966166999817
29,2567.966166999817
29,2571.966166999817
29,2575.966166999817
29,2579.966166999817
29,2583.966166999817
29,2587.966166999817
29,2591.966166999817
29,2595.966166999817
29,2599.966166999817
29,2603.966166999817
29,2607.966166999817
29,2611.966166999817
29,2615.966166999817
29,2619.966166999817
29,2623.966166999817
29,2627.966166999817
29,2631.966166999817
29,2635.966166999817
29,2639.966166999817
29,2643.966166999817
29,2647.966166999817
29,2651.966166999817
29,2655.966166999817
29,2659.966166999817
29,2663.966166999817
29,2667.966166999817
29,2671.966166999817
29,2675.966166999817
29,2679.966166999817
29,2683.966166999817
29,2687.966166999817
29,2691.966166999817
29,2695.966166999817
29,2699.966166999817
29,2703.966166999817
29,2707.966166999817
29,2711.966166999817
29,2715.966166999817
29,2719.966166999817
29,2723.966166999817
29,2727.966166999817
29,2731.966166999817
29,2735.966166999817
29,2739.966166999817
29,2743.966166999817
29,2747.966166999817
29,2751.966166999817
29,2755.966166999817
29,2759.966166999817
29,2763.966166999817
29,2767.966166999817
29,2771.966166999817
29,2775.966166999817
29,2779.966166999817
29,2783.966166999817
29,2787.966166999817
29,2791.966166999817
29,2795.966166999817
29,2799.966166999817
29,2803.966166999817
29,2807.966166999817
29,2811.966166999817
29,2815.966166999817
29,2819.966166999817
29,2823.966166999817
29,2827.966166999817
29,2831.966166999817
29,2835.966166999817
29,2839.966166999817
29,2843.966166999817
29,2847.966166999817
29,2851.966166999817
29,2855.966166999817
29,2859.966166999817
29,2863.966166999817
29,2867.966166999817
29,2871.966166999817
29,2875.966166999817
29,2879.966166999817
29,2883.966166999817
29,2887.966166999817
29,2891.966166999817
29,2895.966166999817
29,2899.966166999817
29,2903.966166999817
29,2907.966166999817
29,2911.966166999817
29,2915.966166999817
29,2919.966166999817
29,2923.966166999817
29,2927.966166999817
29,2931.966166999817
29,2935.966166999817
29,2939.966166999817
29,2943.966166999817
29,2947.966166999817
29,2951.966166999817
29,2955.966166999817
29,2959.966166999817
29,2963.966166999817
29,2967.966166999817
29,2971.966166999817
29,2975.966166999817
29,2979.966166999817
29,2983.966166999817
29,2987.966166999817
29,2991.966166999817
29,2995.966166999817
29,2999.966166999817
29,3003.966166999817
29,3007.966166999817
29,3011.966166999817
29,3015.966166999817
29,3019.966166999817
29,3023.966166999817
29,3027.966166999817
29,3031.966166999817
29,3035.966166999817
29,3039.966166999817
29,3043.966166999817
29,3047.966166999817
29,3051.966166999817
29,3055.966166999817
29,3059.966166999817
29,3063.966166999817
29,3067.966166999817
29,3071.966166999817
29,3075.966166999817
29,3079.966166999817
29,3083.966166999817
29,3087.966166999817
29,3091.966166999817
29,3095.966166999817
29,3099.966166999817
29,3103.966166999817
29,3107.966166999817
29,3111.966166999817
29,3115.966166999817
29,3119.966166999817
29,3123.966166999817
29,3127.966166999817
29,3131.966166999817
29,3135.966166999817
29,3139.966166999817
29,3143.966166999817
29,3147.966166999817
29,3151.966166999817
29,3155.966166999817
29,3159.966166999817
29,3163.966166999817
29,3167.966166999817
29,3171.966166999817
29,3175.966166999817
29,3179.966166999817
29,3183.966166999817
29,3187.966166999817
29,3191.966166999817
29,3195.966166999817
29,3199.966166999817
29,3203.966166999817
29,3207.966166999817
29,3211.966166999817
29,3215.966166999817
29,3219.966166999817
29,3223.966166999817
29,3227.966166999817
29,3231.966166999817
29,3235.966166999817
29,3239.966166999817
29,3243.966166999817
29,3247.966166999817
29,3251.966166999817
29,3255.966166999817
29,3259.966166999817
29,3263.966166999817
29,3267.966166999817
29,3271.966166999817
29,3275.966166999817
29,3279.966166999817
29,3283.966166999817
29,3287.966166999817
29,3291.966166999817
29,3295.966166999817
29,3299.966166999817
29,3303.966166999817
29,3307.966166999817
29,3311.966166999817
29,3315.966166999817
29,3319.966166999817
29,3323.966166999817
29,3327.966166999817
29,3331.966166999817
29,3335.966166999817
29,3339.966166999817
29,3343.966166999817
29,3347.966166999817
29,3351.966166999817
29,3355.966166999817
29,3359.966166999817
29,3363.966166999817
29,3367.966166999817
29,3371.966166999817
29,3375.966166999817
29,3379.966166999817
29,3383.966166999817
29,3387.966166999817
29,3391.966166999817
29,3395.966166999817
29,3399.966166999817
29,3403.966166999817
29,3407.966166999817
29,3411.966166999817
29,3415.966166999817
29,3419.966166999817
29,3423.966166999817
29,3427.966166999817
29,3431.966166999817
29,3435.966166999817
29,3439.966166999817
29,3443.966166999817
29,3447.966166999817
29,3451.966166999817
29,3455.966166999817
29,3459.966166999817
29,3463.966166999817
29,3467.966166999817
29,3471.966166999817
29,3475.966166999817
29,3479.966166999817
29,3483.966166999817
29,3487.966166999817
29,3491.966166999817
29,3495.966166999817
29,3499.966166999817
29,3503.966166999817
29,3507.966166999817
29,3511.966166999817
29,3515.966166999817
29,3519.966166999817
29,3523.966166999817
29,3527.966166999817
29,3531.966166999817
29,3535.966166999817
29,3539.966166999817
29,3543.966166999817
29,3547.966166999817
29,3551.966166999817
29,3555.966166999817
29,3559.966166999817
29,3563.966166999817
29,3567.966166999817
29,3571.966166999817
29,3575.966166999817
29,3579.966166999817
29,3583.966166999817
29,3587.966166999817
29,3591.966166999817
29,3595.966166999817
29,3599.966166999817
29,3603.966166999817
29,3607.966166999817
29,3611.966166999817
29,3615.966166999817
29,3619.966166999817
29,3623.966166999817
29,3627.966166999817
29,3631.966166999817
29,3635.966166999817
29,3639.966166999817
29,3643.966166999817
29,3647.966166999817
29,3651.966166999817
29,3655.966166999817
29,3659.966166999817
29,3663.966166999817
29,3667.966166999817
29,3671.966166999817
29,3675.966166999817
29,3679.966166999817
29,3683.966166999817
29,3687.966166999817
29,3691.966166999817
29,3695.966166999817
29,3699.966166999817
29,3703.966166999817
29,3707.966166999817
29,3711.966166999817
29,3715.966166999817
29,3719.966166999817
29,3723.966166999817
29,3727.966166999817
29,3731.966166999817
29,3735.966166999817
29,3739.966166999817
29,3743.966166999817
29,3747.966166999817
29,3751.966166999817
29,3755.966166999817
29,3759.966166999817
29,3763.966166999817
29,3767.966166999817
29,3771.966166999817
29,3775.966166999817
29,3779.966166999817
29,3783.966166999817
29,3787.966166999817
29,3791.966166999817
29,3795.966166999817
29,3799.966166999817
29,3803.966166999817
29,3807.966166999817
29,3811.966166999817
29,3815.966166999817
29,3819.966166999817
29,3823.966166999817
29,3827.966166999817
29,3831.966166999817
29,3835.966166999817
29,3839.966166999817
29,3843.966166999817
29,3847.966166999817
29,3851.966166999817
29,3855.966166999817
29,3859.966166999817
29,3863.966166999817
29,3867.966166999817
29,3871.966166999817
29,3875.966166999817
29,3879.966166999817
29,3883.966166999817
29,3887.966166999817
29,3891.966166999817
29,3895.966166999817
29,3899.966166999817
29,3903.966166999817
29,3907.966166999817
29,3911.966166999817
29,3915.966166999817
29,3919.966166999817
29,3923.966166999817
29,3927.966166999817
29,3931.966166999817
29,3935.966166999817
29,3939.966166999817
29,3943.966166999817
29,3947.966166999817
29,3951.966166999817
29,3955.966166999817
29,3959.966166999817
29,3963.966166999817
29,3967.966166999817
29,3971.966166999817
29,3975.966166999817
29,3979.966166999817
29,3983.966166999817
29,3987.966166999817
29,3991.966166999817
29,3995.966166999817
29,3999.966166999817
29,4003.966166999817
29,4007.966166999817
29,4011.966166999817
29,4015.966166999817
29,4019.966166999817
29,4023.966166999817
29,4027.966166999817
29,4031.966166999817
29,4035.966166999817
29,4039.966166999817
29,4043.966166999817
29,4047.966166999817
29,4051.966166999817
29,4055.966166999817
29,4059.966166999817
29,4063.966166999817
29,4067.966166999817
29,4071.966166999817
29,4075.966166999817
29,4079.966166999817
29,4083.966166999817
29,4087.966166999817
29,4091.966166999817
29,4095.966166999817
29,4099.966166999817
29,4103.966166999817
29,4107.966166999817
29,4111.966166999817
29,4115.966166999817
29,4119.966166999817
29,4123.966166999817
29,4127.966166999817
29,4131.966166999817
29,4135.966166999817
29,4139.966166999817
29,4143.966166999817
29,4147.966166999817
29,4151.966166999817
29,4155.966166999817
29,4159.966166999817
29,4163.966166999817
29,4167.966166999817
29,4171.966166999817
29,4175.966166999817
29,4179.966166999817
29,4183.966166999817
29,4187.966166999817
29,4191.966166999817
29,4195.966166999817
29,4199.966166999817
29,4203.966166999817
29,4207.966166999817
29,4211.966166999817
29,4215.966166999817
29,4219.966166999817
29,4223.966166999817
29,4227.966166999817
29,4231.966166999817
29,4235.966166999817
29,4239.966166999817
29,4243.966166999817
29,4247.966166999817
29,4251.966166999817
29,4255.966166999817
29,4259.966166999817
29,4263.966166999817
29,4267.966166999817
29,4271.966166999817
29,4275.966166999817
29,4279.966166999817
29,4283.966166999817
29,4287.966166999817
29,4291.966166999817
29,4295.966166999817
29,4299.966166999817
29,4303.966166999817
29,4307.966166999817
29,4311.966166999817
29,4315.966166999817
29,4319.966166999817
29,4323.966166999817
29,4327.966166999817
29,4331.966166999817
29,4335.966166999817
29,4339.966166999817
29,4343.966166999817
29,4347.966166999817
29,4351.966166999817
29,4355.966166999817
29,4359.966166999817
29,4363.966166999817
29,4367.966166999817
29,4371.966166999817
29,4375.966166999817
29,4379.966166999817
29,4383.966166999817
29,4387.966166999817
29,4391.966166999817
29,4395.966166999817
29,4399.966166999817
29,4403.966166999817
29,4407.966166999817
29,4411.966166999817
29,4415.966166999817
29,4419.966166999817
29,4423.966166999817
29,4427.966166999817
29,4431.966166999817
29,4435.966166999817
29,4439.966166999817
29,4443.966166999817
29,4447.966166999817
29,4451.966166999817
29,4455.966166999817
29,4459.966166999817
29,4463.966166999817
29,4467.966166999817
29,4471.966166999817
29,4475.966166999817
29,4479.966166999817
29,4483.966166999817
29,4487.966166999817
29,4491.966166999817
29,4495.966166999817
29,4499.966166999817
29,4503.966166999817
29,4507.966166999817
29,4511.966166999817
29,4515.966166999817
29,4519.966166999817
29,4523.966166999817
29,4527.966166999817
29,4531.966166999817
29,4535.966166999817
29,4539.966166999817
29,4543.966166999817
29,4547.966166999817
29,4551.966166999817
29,4555.966166999817
29,4559.966166999817
29,4563.966166999817
29,4567.966166999817
29,4571.966166999817
29,4575.966166999817
29,4579.966166999817
29,4583.966166999817
29,4587.966166999817
29,4591.966166999817
29,4595.966166999817
29,4599.966166999817
29,4603.966166999817
29,4607.966166999817
29,4611.966166999817
29,4615.966166999817
29,4619.966166999817
29,4623.966166999817
29,4627.966166999817
29,4631.966166999817
29,4635.966166999817
29,4639.966166999817
29,4643.966166999817
29,4647.966166999817
29,4651.966166999817
29,4655.966166999817
29,4659.966166999817
29,4663.966166999817
29,4667.966166999817
29,4671.966166999817
29,4675.966166999817
29,4679.966166999817
29,4683.966166999817
29,4687.966166999817
29,4691.966166999817
29,4695.966166999817
29,4699.966166999817
29,4703.966166999817
29,4707.966166999817
29,4711.966166999817
29,4715.966166999817
29,4719.966166999817
29,4723.966166999817
29,4727.966166999817
29,4731.966166999817
29,4735.966166999817
29,4739.966166999817
29,4743.966166999817
29,4747.966166999817
29,4751.966166999817
29,4755.966166999817
29,4759.966166999817
29,4763.966166999817
29,4767.966166999817
29,4771.966166999817
29,4775.966166999817
29,4779.966166999817
29,4783.966166999817
29,4787.966166999817
29,4791.966166999817
29,4795.966166999817
29,4799.966166999817
29,4803.966166999817
29,4807.966166999817
29,4811.966166999817
29,4815.966166999817
29,4819.966166999817
29,4823.966166999817
29,4827.966166999817
29,4831.966166999817
29,4835.966166999817
29,4839.966166999817
29,4843.966166999817
29,4847.966166999817
29,4851.966166999817
29,4855.966166999817
29,4859.966166999817
29,4863.966166999817
29,4867.966166999817
29,4871.966166999817
29,4875.966166999817
29,4879.966166999817
29,4883.966166999817
29,4887.966166999817
29,4891.966166999817
29,4895.966166999817
29,4899.966166999817
29,4903.966166999817
29,4907.966166999817
29,4911.966166999817
29,4915.966166999817
29,4919.966166999817
29,4923.966166999817
29,4927.966166999817
29,4931.966166999817
29,4935.966166999817
29,4939.966166999817
29,4943.966166999817
29,4947.966166999817
29,4951.966166999817
29,4955.966166999817
29,4959.966166999817
29,4963.966166999817
29,4967.966166999817
29,4971.966166999817
29,4975.966166999817
29,4979.966166999817
29,4983.966166999817
29,4987.966166999817
29,4991.966166999817
29,4995.966166999817
29,4999.966166999817
29,5003.966166999817
29,5007.966166999817
29,5011.966166999817
29,5015.966166999817
29,5019.966166999817
29,5023.966166999817
29,5027.966166999817
29,5031.966166999817
29,5035.966166999817
29,5039.966166999817
29,5043.966166999817
29,5047.966166999817
29,5051.966166999817
29,5055.966166999817
29,5059.966166999817
29,5063.966166999817
29,5067.966166999817
29,5071.966166999817
29,5075.966166999817
29,5079.966166999817
29,5083.966166999817
29,5087.966166999817
29,5091.966166999817
29,5095.966166999817
29,5099.966166999817
29,5103.966166999817
29,5107.966166999817
29,5111.966166999817
29,5115.966166999817
29,5119.966166999817
29,5123.966166999817
29,5127.966166999817
29,5131.966166999817
29,5135.966166999817
29,5139.966166999817
29,5143.966166999817
29,5147.966166999817
29,5151.966166999817
29,5155.966166999817
29,5159.966166999817
29,5163.966166999817
29,5167.966166999817
29,5171.966166999817
29,5175.966166999817
29,5179.966166999817
29,5183.966166999817
29,5187.966166999817
29,5191.966166999817
29,5195.966166999817
29,5199.966166999817
29,5203.966166999817
29,5207.966166999817
29,5211.966166999817
29,5215.966166999817
29,5219.966166999817
29,5223.966166999817
29,5227.966166999817
29,5231.966166999817
29,5235.966166999817
29,5239.966166999817
29,5243.966166999817
29,5247.966166999817
29,5251.966166999817
29,5255.966166999817
29,5259.966166999817
29,5263.966166999817
29,5267.966166999817
29,5271.966166999817
29,5275.966166999817
29,5279.966166999817
29,5283.966166999817
29,5287.966166999817
29,5291.966166999817
29,5295.966166999817
29,5299.966166999817
29,5303.966166999817
29,5307.966166999817
29,5311.966166999817
29,5315.966166999817
29,5319.966166999817
29,5323.966166999817
29,5327.966166999817
29,5331.966166999817
29,5335.966166999817
29,5339.966166999817
29,5343.966166999817
29,5347.966166999817
29,5351.966166999817
29,5355.966166999817
29,5359.966166999817
29,5363.966166999817
29,5367.966166999817
29,5371.966166999817
29,5375.966166999817
29,5379.966166999817
29,5383.966166999817
29,5387.966166999817
29,5391.966166999817
29,5395.966166999817
29,5399.966166999817
29,5403.966166999817
29,5407.966166999817
29,5411.966166999817
29,5415.966166999817
29,5419.966166999817
29,5423.966166999817
29,5427.966166999817
29,5431.966166999817
29,5435.966166999817
29,5439.966166999817
29,5443.966166999817
29,5447.966166999817
29,5451.966166999817
29,5455.966166999817
29,5459.966166999817
29,5463.966166999817
29,5467.966166999817
29,5471.966166999817
29,5475.966166999817
29,5479.966166999817
29,5483.966166999817
29,5487.966166999817
29,5491.966166999817
29,5495.966166999817
29,5499.966166999817
29,5503.966166999817
29,5507.966166999817
29,5511.966166999817
29,5515.966166999817
29,5519.966166999817
29,5523.966166999817
29,5527.966166999817
29,5531.966166999817
29,5535.966166999817
29,5539.966166999817
29,5543.966166999817
29,5547.966166999817
29,5551.966166999817
29,5555.966166999817
29,5559.966166999817
29,5563.966166999817
29,5567.966166999817
29,5571.966166999817
29,5575.966166999817
29,5579.966166999817
29,5583.966166999817
29,5587.966166999817
29,5591.966166999817
29,5595.966166999817
29,5599.966166999817
29,5603.966166999817
29,5607.966166999817
29,5611.966166999817
29,5615.966166999817
29,5619.966166999817
29,5623.966166999817
29,5627.966166999817
29,5631.966166999817
29,5635.966166999817
29,5639.966166999817
29,5643.966166999817
29,5647.966166999817
29,5651.966166999817
29,5655.966166999817
29,5659.966166999817
29,5663.966166999817
29,5667.966166999817
29,5671.966166999817
29,5675.966166999817
29,5679.966166999817
29,5683.966166999817
29,5687.966166999817
29,5691.966166999817
29,5695.966166999817
29,5699.966166999817
29,5703.966166999817
29,5707.966166999817
29,5711.966166999817
29,5715.966166999817
29,5719.966166999817
29,5723.966166999817
29,5727.966166999817
29,5731.966166999817
29,5735.966166999817
29,5739.966166999817
29,5743.966166999817
29,5747.966166999817
29,5751.966166999817
29,5755.966166999817
29,5759.966166999817
29,5763.966166999817
29,5767.966166999817
29,5771.966166999817
29,5775.966166999817
29,5779.966166999817
29,5783.966166999817
29,5787.966166999817
29,5791.966166999817
29,5795.966166999817
29,5799.966166999817
29,5803.966166999817
29,5807.966166999817
29,5811.966166999817
29,5815.966166999817
29,5819.966166999817
29,5823.966166999817
29,5827.966166999817
29,5831.966166999817
29,5835.966166999817
29,5839.966166999817
29,5843.966166999817
29,5847.966166999817
29,5851.966166999817
29,5855.966166999817
29,5859.966166999817
29,5863.966166999817
29,5867.966166999817
29,5871.966166999817
29,5875.966166999817
29,5879.966166999817
29,5883.966166999817
29,5887.966166999817
29,5891.966166999817
29,5895.966166999817
29,5899.966166999817
29,5903.966166999817
29,5907.966166999817
29,5911.966166999817
29,5915.966166999817
29,5919.966166999817
29,5923.966166999817
29,5927.966166999817
29,5931.966166999817
29,5935.966166999817
29,5939.966166999817
29,5943.966166999817
29,5947.966166999817
29,5951.966166999817
29,5955.966166999817
29,5959.966166999817
29,5963.966166999817
29,5967.966166999817
29,5971.966166999817
29,5975.966166999817
29,5979.966166999817
29,5983.966166999817
29,5987.966166999817
29,5991.966166999817
29,5995.966166999817
29,5999.966166999817
29,6003.966166999817
29,6007.966166999817
29,6011.966166999817
29,6015.966166999817
29,6019.966166999817
29,6023.966166999817
29,6027.966166999817
29,6031.966166999817
29,6035.966166999817
29,6039.966166999817
29,6043.966166999817
29,6047.966166999817
29,6051.966166999817
29,6055.966166999817
29,6059.966166999817
29,6063.966166999817
29,6067.966166999817
29,6071.966166999817
29,6075.966166999817
29,6079.966166999817
29,6083.966166999817
29,6087.966166999817
29,6091.966166999817
29,6095.966166999817
29,6099.966166999817
29,6103.966166999817
29,6107.966166999817
29,6111.966166999817
29,6115.966166999817
29,6119.966166999817
29,6123.966166999817
29,6127.966166999817
29,6131.966166999817
29,6135.966166999817
29,6139.966166999817
29,6143.966166999817
29,6147.966166999817
29,6151.966166999817
29,6155.966166999817
29,6159.966166999817
29,6163.966166999817
29,6167.966166999817
29,6171.966166999817
29,6175.966166999817
29,6179.966166999817
29,6183.966166999817
29,6187.966166999817
29,6191.966166999817
29,6195.966166999817
29,6199.966166999817
29,6203.966166999817
29,6207.966166999817
29,6211.966166999817
29,6215.966166999817
29,6219.966166999817
29,6223.966166999817
29,6227.966166999817
29,6231.966166999817
29,6235.966166999817
29,6239.966166999817
29,6243.966166999817
29,6247.966166999817
29,6251.966166999817
29,6255.966166999817
29,6259.966166999817
29,6263.966166999817
29,6267.966166999817
29,6271.966166999817
29,6275.966166999817
29,6279.966166999817
29,6283.966166999817
29,6287.966166999817
29,6291.966166999817
29,6295.966166999817
29,6299.966166999817
29,6303.966166999817
29,6307.966166999817
29,6311.966166999817
29,6315.966166999817
29,6319.966166999817
29,6323.966166999817
29,6327.966166999817
29,6331.966166999817
29,6335.966166999817
29,6339.966166999817
29,6343.966166999817
29,6347.966166999817
29,6351.966166999817
29,6355.966166999817
29,6359.966166999817
29,6363.966166999817
29,6367.966166999817
29,6371.966166999817
29,6375.966166999817
29,6379.966166999817
29,6383.966166999817
29,6387.966166999817
29,6391.966166999817
29,6395.966166999817
29,6399.966166999817
29,6403.966166999817
29,6407.966166999817
29,6411.966166999817
29,6415.966166999817
29,6419.966166999817
29,6423.966166999817
29,6427.966166999817
29,6431.966166999817
29,6435.966166999817
29,6439.966166999817
29,6443.966166999817
29,6447.966166999817
29,6451.966166999817
29,6455.966166999817
29,6459.966166999817
29,6463.966166999817
29,6467.966166999817
29,6471.966166999817
29,6475.966166999817
29,6479.966166999817
29,6483.966166999817
29,6487.966166999817
29,6491.966166999817
29,6495.966166999817
29,6499.966166999817
29,6503.966166999817
29,6507.966166999817
29,6511.966166999817
29,6515.966166999817
29,6519.966166999817
29,6523.966166999817
29,6527.966166999817
29,6531.966166999817
29,6535.966166999817
29,6539.966166999817
29,6543.966166999817
29,6547.966166999817
29,6551.966166999817
29,6555.966166999817
29,6559.966166999817
29,6563.966166999817
29,6567.966166999817
29,6571.966166999817
29,6575.966166999817
29,6579.966166999817
29,6583.966166999817
29,6587.966166999817
29,6591.966166999817
29,6595.966166999817
29,6599.966166999817
29,6603.966166999817
29,6607.966166999817
29,6611.966166999817
29,6615.966166999817
29,6619.966166999817
29,6623.966166999817
29,6627.966166999817
29,6631.966166999817
29,6635.966166999817
29,6639.966166999817
29,6643.966166999817
29,6647.966166999817
29,6651.966166999817
29,6655.966166999817
29,6659.966166999817
29,6663.966166999817
29,6667.966166999817
29,6671.966166999817
29,6675.966166999817
29,6679.966166999817
29,6683.966166999817
29,6687.966166999817
29,6691.966166999817
29,6695.966166999817
29,6699.966166999817
29,6703.966166999817
29,6707.966166999817
29,6711.966166999817
29,6715.966166999817
29,6719.966166999817
29,6723.966166999817
29,6727.966166999817
29,6731.966166999817
29,6735.966166999817
29,6739.966166999817
29,6743.966166999817
29,6747.966166999817
29,6751.966166999817
29,6755.966166999817
29,6759.966166999817
29,6763.966166999817
29,6767.966166999817
29,6771.966166999817
29,6775.966166999817
29,6779.966166999817
29,6783.966166999817
29,6787.966166999817
29,6791.966166999817
29,6795.966166999817
29,6799.966166999817
29,6803.966166999817
29,6807.966166999817
29,6811.966166999817
29,6815.966166999817
29,6819.966166999817
29,6823.966166999817
29,6827.966166999817
29,6831.966166999817
29,6835.966166999817
29,6839.966166999817
29,6843.966166999817
29,6847.966166999817
29,6851.966166999817
29,6855.966166999817
29,6859.966166999817
29,6863.966166999817
29,6867.966166999817
29,6871.966166999817
29,6875.966166999817
29,6879.966166999817
29,6883.966166999817
29,6887.966166999817
29,6891.966166999817
29,6895.966166999817
29,6899.966166999817
29,6903.966166999817
29,6907.966166999817
29,6911.966166999817
29,6915.966166999817
29,6919.966166999817
29,6923.966166999817
29,6927.966166999817
29,6931.966166999817
29,6935.966166999817
29,6939.966166999817
29,6943.966166999817
29,6947.966166999817
29,6951.966166999817
29,6955.966166999817
29,6959.966166999817
29,6963.966166999817
29,6967.966166999817
29,6971.966166999817
29,6975.966166999817
29,6979.966166999817
29,6983.966166999817
29,6987.966166999817
29,6991.966166999817
29,6995.966166999817
29,6999.966166999817
29,7003.966166999817
29,7007.966166999817
29,7011.966166999817
29,7015.966166999817
29,7019.966166999817
29,7023.966166999817
29,7027.966166999817
29,7031.966166999817
29,7035.966166999817
29,7039.966166999817
29,7043.966166999817
29,7047.966166999817
29,7051.966166999817
29,7055.966166999817
29,7059.966166999817
29,7063.966166999817
29,7067.966166999817
29,7071.966166999817
29,7075.966166999817
29,7079.966166999817
29,7083.966166999817
29,7087.966166999817
29,7091.966166999817
29,7095.966166999817
29,7099.966166999817
29,7103.966166999817
29,7107.966166999817
29,7111.966166999817
29,7115.966166999817
29,7119.966166999817
29,7123.966166999817
29,7127.966166999817
29,7131.966166999817
29,7135.966166999817
29,7139.966166999817
29,7143.966166999817
29,7147.966166999817
29,7151.966166999817
29,7155.966166999817
29,7159.966166999817
29,7163.966166999817
29,7167.966166999817
29,7171.966166999817
29,7175.966166999817
29,7179.966166999817
29,7183.966166999817
29,7187.966166999817
29,7191.966166999817
29,7195.966166999817
29,7199.966166999817
29,7203.966166999817
29,7207.966166999817
29,7211.966166999817
29,7215.966166999817
29,7219.966166999817
29,7223.966166999817
29,7227.966166999817
29,7231.966166999817
29,7235.966166999817
29,7239.966166999817
29,7243.966166999817
29,7247.966166999817
29,7251.966166999817
29,7255.966166999817
29,7259.966166999817
29,7263.966166999817
29,7267.966166999817
29,7271.966166999817
29,7275.966166999817
29,7279.966166999817
29,7283.966166999817
29,7287.966166999817
29,7291.966166999817
29,7295.966166999817
29,7299.966166999817
29,7303.966166999817
29,7307.966166999817
29,7311.966166999817
29,7315.966166999817
29,7319.966166999817
29,7323.966166999817
29,7327.966166999817
29,7331.966166999817
29,7335.966166999817
29,7339.966166999817
29,7343.966166999817
29,7347.966166999817
29,7351.966166999817
29,7355.966166999817
29,7359.966166999817
29,7363.966166999817
29,7367.966166999817
29,7371.966166999817
29,7375.966166999817
29,7379.966166999817
29,7383.966166999817
29,7387.966166999817
29,7391.966166999817
29,7395.966166999817
29,7399.966166999817
29,7403.966166999817
29,7407.966166999817
29,7411.966166999817
29,7415.966166999817
29,7419.966166999817
29,7423.966166999817
29,7427.966166999817
29,7431.966166999817
29,7435.966166999817
29,7439.966166999817
29,7443.966166999817
29,7447.966166999817
29,7451.966166999817
29,7455.966166999817
29,7459.966166999817
29,7463.966166999817
29,7467.966166999817
29,7471.966166999817
29,7475.966166999817
29,7479.966166999817
29,7483.966166999817
29,7487.966166999817
29,7491.966166999817
29,7495.966166999817
29,7499.966166999817
29,7503.966166999817
